40
Time=0
2.725225818182484  0.730714886318214  0.02579459867550065  0.01531792019726765  0  1
0.731082528396947  1.345845549698429  0.02944138990242974  0.005762339855745075  0  1
1.389628017269093  2.946844387680698  0.02742201147333751  -0.01216689306093161  0  1
0.3452620652144522  0.8523931134419859  0.0297910858786631  -0.003534289485896668  0  1
1.401951342947497  1.312053717209037  0.0006062171381574905  0.02999387438763795  0  1
2.222983804040934  0.8473444093031965  0.001426792217828534  0.02996605185818018  0  1
2.204208605771536  1.564679391419405  -0.02938402604231399  -0.006048058659157759  0  1
0.4221727554366456  2.426617038029391  -0.01672519566796945  0.02490517676845792  0  1
0.3994691729646138  0.6947035679218077  0.005524525319148481  -0.0294869398208442  0  1
1.998020315993121  1.71849103927585  0.02052885228440569  -0.02187615651537196  0  1
2.842048753144156  0.8829446338228267  0.004888196527072307  0.02959907996395696  0  1
2.813451686479196  2.032457839966324  0.02893303071333658  0.007929674251892185  0  1
2.18424788374365  1.010378712462693  -0.01969017194157786  0.02263398172905288  0  1
0.4066246358830308  2.147613096045479  -0.000630613406679371  -0.02999337137987852  0  1
2.973054109934833  1.841655595248665  -0.02995574261103593  -0.001628952000939867  0  1
0.5093409425313868  2.817710805462817  -0.02836077506115887  -0.009780922141104549  0  1
1.810839008708003  1.072659189210211  0.01158548659502378  -0.0276726670264455  0  1
0.8630431903404212  0.3467788256798357  0.02910626900882536  -0.00726808808325081  0  1
2.340648965751041  1.387804086301691  0.02991157535618393  -0.002301664552303469  0  1
2.722941006606138  0.8093129683192039  0.01602239145507183  -0.02536302371682921  0  1
2.333291940617451  0.8932953888354647  -0.02230101225642999  0.02006651071657849  0  1
0.8956824409150561  1.693770902938815  0.02884308229771296  -0.008250854717382749  0  1
0.2993123935655532  0.7840912758269996  -0.0174058651061026  0.02443431725889143  0  1
0.3340318538414504  2.367613694707525  -0.02365073826862688  0.01845650506864472  0  1
3.033281932437762  2.501768920164334  -0.01879140636889635  0.02338553071193813  0  1
0.715562356696445  2.611594076071687  0.0160190410038864  -0.02536513996247224  0  1
2.189254115312222  1.609654739842708  0.01171193402900341  -0.02761938814130885  0  1
1.967120834860107  1.227488795716444  0.02948823080558859  -0.005517630284491355  0  1
2.713734202870657  1.548999280425232  -0.01102516924035416  0.02790063876009917  0  1
2.933399089995133  2.486797744406473  -0.02230837317789354  0.02005832710262349  0  1
3.021819970388364  2.417822426037392  -0.01527721314084519  0.02581872883488238  0  1
2.55327329939943  1.499105058447294  -0.002011185980821174  0.0299325095999408  0  1
0.9486424455931265  1.086702133229214  0.004780538059626714  -0.02961665841820208  0  1
0.1410911760892817  1.208251406981224  0.0157526666879252  -0.02553142166466904  0  1
1.239540426180424  2.516199146147239  -0.01074756807116297  0.02800874471581542  0  1
0.7877826845357376  0.4943374609450771  -0.004899100714644664  -0.02959727710766259  0  1
1.656896392048273  1.714619651178101  -0.02101613504988394  0.0214084578511634  0  1
2.170980087273115  1.057102356281916  0.02455916149970025  -0.01722926540603635  0  1
0.7019184497797745  2.8797361619801  -0.02330354462021519  0.01889298303957423  0  1
2.362930739367718  2.477571916565564  0.01706145389682462  0.02467603677510892  0  1
40
Time=10
2.98317180493749  0.8838940882908906  -0.02131327356906165  0.02111265899337025  0  1
1.025496427421244  1.40346894825588  0.005690194920977425  0.02945541854670007  0  1
1.663848132002468  2.825175457071382  -0.02400389735298466  0.01799480235699676  0  1
0.6431729240010833  0.8170502185830192  0.02952426373272327  0.005321451967330107  0  1
1.408013514329072  1.611992461085417  0.006056649842081562  0.02938225642612244  0  1
2.23725172621922  1.147004927884998  -0.0294351562858133  0.00579409824129221  0  1
1.910368345348396  1.504198804827827  -0.02735751617506407  0.0123112269384943  0  1
0.2549207976540823745  0.6227459692399807  0.004386935018002923  -0.02967751339226081  0  1
1.894412711940546  0.7615999651312964  -0.02795713837377529  -0.01088110352627807  0  1
1.64498494331551  1.61598079348844  -0.02023361779800438  0.02214950813910503  0  1
1.879898427083786  0.974003271722743  0.02523281312799264  0.01622667993299314  0  1
2.551470960350918  1.333578579537303  0.02710939761272073  0.01284836803159886  0  1
2.652149101033034  2.003329318252891  -0.02933747328813403  0.0062699809463843  0  1
2.145274128591958  1.125951148943916  0.02518200993319966  -0.01630540940069379  0  1
1.092412301518484  2.336645283701486  0.01158815612040551  0.02767154924699931  0  1
2.263235798338425  1.897665754755104  0.01228861365152154  -0.02736768120472829  0  1
0.1263075023289134  0.3359529236373263  0.02000772006884226  0.02235377233593576  0  1
0.3276335249884456  0.5193751769759913  0.001539073187552087  0.02996049488448677  0  1
1.285682163860943  1.023478276680995  0.0234070559400897  0.01876458718484133  0  1
2.451895523664569  0.1241001074146695  -0.0299935927457469  0.0006199953244008246  0  1
0.7029823571616434  0.4951641314044878  -0.003864594828519358  -0.02975004045058395  0  1
0.5312275546312653  2.229475803917393  0.02998702599334278  -0.0008821972991254727  0  1
1.595261719185342  2.366498484533404  -0.02839236874714051  0.009688828459953168  0  1
1.837050900036574  0.9419427038216434  0.02689186248743747  0.01329765889007359  0  1
2.225230607271148  1.44167689501008  -0.006178055741682042  -0.02935696897250582  0  1
2.298399736382623  2.800184578540539  0.02895736806583699  -0.007840333838532897  0  1
2.889763417701047  3.001716739480682  -0.01180317629686939  -0.02758051901805005  0  1
1.343843125771442  2.013063763384074  0.02355263074838309  0.01858153881760926  0  1
1.080070282765028  0.9077876366862695  0.02600343478499073  -0.01496066106102046  0  1
2.060718756607106  1.694187586154694  -0.02996199826295679  0.001509523133500913  0  1
2.409272172099106  3.041934502431085  0.01565117807049052  -0.02559376144699713  0  1
2.890462505810071  0.6012593196867981  -0.01792549149935048  -0.02405570108117229  0  1
2.885060267366768  0.8448305454982596  -0.02994914901566726  -0.001745987754068424  0  1
2.423220855047037  0.4263589667810044  -0.02588769742864854  0.01516005019261954  0  1
2.540423290795196  0.5407229453849175  0.01400649086113708  -0.02652957243825998  0  1
2.85880534909943  2.687978926796754  0.02671434445789428  0.0136507802042584  0  1
2.10315643159985  2.957935349332155  0.007381683007084633  0.02907766765032777  0  1
1.41115269427657  1.722803516739538  0.02929468417336849  -0.006466952851428062  0  1
1.807435927012619  3.094098093981101  0.02678479322112835  0.01351202620266098  0  1
2.237949389690042  1.475786007751513  -0.02750479909580942  -0.01197856530220382  0  1
me=20
2.770039069246874  1.095020678224593  -0.002593158566391819  0.02988771534676996  0  1
1.082398376631019  1.69802313372288  0.02928383523118008  0.006515903172477014  0  1
1.423809158472621  3.00512348064135  -0.004058840943158868  -0.02972416206048771  0  1
0.9384155613283161  0.8702647382563202  -0.01568817153194984  0.0255711023224287  0  1
1.468580012749888  1.905815025346641  -0.008011391607985864  0.02891051027746646  0  1
1.942900163361087  1.20494591029792  0.02947597446153472  0.005582734951880944  0  1
1.636793183597756  1.62731107421277  -0.0289405948046602  0.007902023307512749  0  1
0.0962037509053712  2.421092886347508  0.009001381967906313  -0.0286177413970399  0  1
0.4391081191097285  0.699427966679148  0.008416359351891483  0.02879522347994245  0  1
2.50124409047493  1.46459280052389  -0.0168158597927908  0.02484405078543356  0  1
0.04946024645053804  1.026743176321439  0.0160556685623873  0.02534197125353053  0  1
2.890614754783464  2.323851406524731  -0.02750509644135964  0.0119778825236978  0  1
2.238975335580234  1.40006711461042  0.02993377159694673  -0.001992314729611079  0  1
0.469467350699814  2.13960135246832  -0.01166367187719796  -0.02763980387667505  0  1
2.375122834124324  1.794172392944412  -0.02623633481466085  0.01454835851541385  0  1
0.1110274759233793  2.442696608054318  0.02360741386751005  -0.01851188835554315  0  1
1.759002297608893  1.044688493721645  0.02187886476273722  -0.0205259659137848  0  1
0.9663278858054313  0.0401333647603557  0.006688082043574378  0.02924499202561727  0  1
2.34856253156218  1.436907381496923  -0.02955855114727548  0.005127577797937258  0  1
0.0817204283046058  0.5850869681202684  0.0268679926655102  0.01334582219745528  0  1
1.898743817535595  1.306684905360011  0.02335641303087924  0.01882758535582761  0  1
1.482467129678862  1.579878111785785  0.00592183725945819  0.02940972362115109  0  1
0.4206884339248568  0.9762967163461866  0.001220844713548115  -0.0299751486766188  0  1
2.905816364535581  2.482133184989279  0.0297138577295158  -0.004133601193885803  0  1
2.5740153191194  2.863560906190216  0.004389437617578607  0.02967714334974621  0  1
0.6516902274352674  2.158453382292072  0.001420748200802858  0.02996633902481108  0  1
2.367965193254955  1.03985149575036  0.02770963315678368  0.01149679217505798  0  1
2.393016512798027  1.442193016274301  0.02925554755341115  0.006641757098095256  0  1
2.357140482523576  1.999223673121086  0.002140751377066771  -0.02992352224490938  0  1
2.541044890741864  2.935065308113977  -0.02991955793614931  -0.002195461888852778  0  1
2.702439918898218  2.426526646892545  0.01320025761815377  -0.02693980695577407  0  1
2.830066629098807  1.755449828209424  0.01791981419794138  0.02405993057162174  0  1
1.192797774890085  1.017354193883185  0.016581169001069  0.02500129665753336  0  1
0.4519442777111029  1.210795687206621  0.01315809693305258  -0.02696042442359527  0  1
0.850893571768216  2.900894294168375  0.02999936132522297  -0.0001957551499097229  0  1
0.7617121259999275  0.4974878301225732  0.01154837795598369  0.02768817376761692  0  1
1.726711589700286  2.036468474620665  0.02547669109262558  0.01584102935326276  0  1
2.310682935552791  1.165500936646648  -0.00375676114761876  0.02976384964482488  0  1
0.6195287086467693  2.809232240631356  0.002123195914180371  -0.02992477300014167  0  1
2.283468783334873  2.558616423132609  -0.0299954762740021  0.0005209636223165689  0  1
