100
Time=0
43.5598784859768  20.87415357106584  -0.02837611137612136  0.009736339310539452  0  1
39.51400314114827  6.27009953618258  0.02283804500016708  0.01945311544638399  0  1
13.58376169744388  0.6580023560660642  -0.005114128204678933  -0.0295608811219508  0  1
22.96642940766478  33.85635071931861  0.0143241678255102  -0.02635940469939749  0  1
33.65412784584051  46.72913224331397  0.003149550048062996  -0.02983421415916206  0  1
47.32738643325244  31.86977633167437  -0.004796036339433919  0.02961415262050949  0  1
48.17558279520114  8.335035157663736  -0.01956325995960353  -0.02274376529409704  0  1
25.89348324008354  33.8873775164665  0.02339146286015297  0.0187840215412484  0  1
25.04510276763072  30.5999850352411  0.008269571399990855  0.0288377216308857  0  1
12.22126996773805  4.86719505636792  -0.001626665223535083  -0.02995586687529743  0  1
2.758305771288069  5.930177488884105  0.02035180964718739  0.02204095832954298  0  1
32.86807774501141  27.74725126374693  -0.02064691975866209  -0.021764758314288  0  1
42.28228360132226  3.463296017470887  0.004077073746218733  0.0297216666704257  0  1
4.089484993243083  28.48861728293052  0.01781378904951751  -0.02413853598914587  0  1
18.74137729492683  1.360293452104357  -0.008770586661139656  -0.02868931525183965  0  1
2.076133662420145  44.20298930935827  0.02999606947374229  -0.0004856090263021581  0  1
41.82881869686147  1.536356521576262  -0.01184910583328368  -0.02756081803850608  0  1
0.998510059238219  45.81534069579995  0.00991507996618785  -0.02831415174897705  0  1
49.71678016419371  29.85224031493998  0.02804131745128152  -0.01066229410570044  0  1
33.2506245103736  43.78223223739078  -0.0166430472898641  -0.02496014777414884  0  1
39.359011563153  33.42410988433537  0.02128878223161828  0.02113735440150289  0  1
14.62665081877011  39.13708239143873  0.02999999838188088  9.85328091170502e-06  0  1
16.29017500492246  45.55469721798946  -0.02919857565779878  -0.006887900954267619  0  1
33.26455504996348  41.02106724633776  0.01725921467493  0.02453812357953804  0  1
21.68676186747606  46.19266373443794  0.02974398044986903  -0.003910962413244212  0  1
12.30010501274767  4.541297055782547  -0.01274277380096505  0.02715919210612567  0  1
28.67049627257188  4.229439248096846  -0.01159106426247175  -0.02767033120985815  0  1
23.83570626673429  37.85343968238691  -0.02935822164033532  0.006172100300298679  0  1
33.44106897587838  15.48772810211247  -0.02516820242801159  -0.01632671389296179  0  1
23.94395989990866  38.89009209149011  0.02995090340349827  -0.001715629713637357  0  1
38.82006707945603  9.350900148367844  -0.0298107138139253  -0.003364720182161218  0  1
32.19250403020529  8.323945145570063  0.02580852294395454  0.01529444812509991  0  1
22.65096198028278  31.90210946528293  -0.02630271392851095  -0.0144280019404946  0  1
43.4142730773703  10.50712232342925  -0.004304790305112435  0.02968953991608846  0  1
45.28005586967187  16.96297688021194  0.02915494428960864  0.007070305755044557  0  1
7.210375117183535  32.06719652978797  0.02555272986373433  -0.01571807865201786  0  1
11.6299452879233  13.69747639768442  0.008063696782398159  -0.02889596501592465  0  1
47.18634763367503  37.05006139700131  -0.0188587100946077  -0.02333128915357104  0  1
3.799833275555783  48.92760125220785  0.01446211276610737  0.02628397409716412  0  1
30.75966902109907  48.29529525483829  -0.02966826186298332  -0.004449071591854796  0  1
48.79456031999322  25.66403753473869  -0.01022084765784751  0.02820521712653659  0  1
19.29684877795888  8.105987990623856  -0.02984477397857885  0.003047862557193593  0  1
42.85187168944899  19.50522608464611  0.02409547386757446  -0.01787199314841622  0  1
3.082175979707138  34.41742929160604  0.01944403934779309  -0.02284577277838231  0  1
1.646584943810844  7.469706128606521  0.0292429508273604  -0.006697001337059851  0  1
25.24915948758317  33.68453258604639  0.02367051245400527  0.01843113778812316  0  1
28.58167831886295  7.15802194387806  0.01242689388054384  0.02730516999547342  0  1
24.32051155471256  40.25398825527209  0.009000808139937247  -0.0286179218817167  0  1
40.06445161048678  1.116286213187309  -0.01332108005323259  -0.02688026834344048  0  1
16.69016896268171  36.82854634008012  -0.02786270476397094  0.01112068717462149  0  1
8.959433680653092  5.322680739523268  0.008374298861332459  -0.02880748372525941  0  1
9.324096297554277  30.10920010385736  -0.01081297132116488  0.02798356037404221  0  1
48.78918744044307  30.60306255340231  0.02840845049607578  0.009641573544396785  0  1
25.23081197036955  21.45779661477578  0.0116671280272964  0.02763834516744218  0  1
48.38486075811236  9.988996571597001  0.005950503463466837  -0.02940393695632048  0  1
8.419678426608199  44.48825983224642  -0.005058166957512583  -0.02957050806174841  0  1
8.149508794402951  32.75713659957812  -0.02914216901816889  -0.007122779297189891  0  1
14.4896275735777  27.63175728735679  -0.01078472800198578  0.02799445734289529  0  1
23.98516964190846  6.693822649433137  -0.01491239604070368  0.02603114373832247  0  1
42.78673125119885  15.61203607843002  0.00957173113351429  0.02843205872088254  0  1
11.12174291210384  45.38194703897283  0.007576846972896063  -0.02902742479017585  0  1
25.79737896876005  24.57224608582761  -0.0294282392836445  -0.005829127950608286  0  1
47.70320542962838  25.3792270598706  -0.01437729782593795  0.02633046348289904  0  1
11.79360736573569  35.65277043510761  -0.02892952757484085  -0.00794244510818443  0  1
13.96139262345594  38.70209712266293  0.007028253667166165  -0.02916511015562885  0  1
41.77690510019544  38.92120787448084  -0.02864984173326833  -0.008898683535145861  0  1
20.50196408984327  19.02049365707154  0.00579455950247695  0.02943506548612138  0  1
34.22027926452259  5.09199843082321  -0.02060493782586564  0.02180450726781532  0  1
12.27443634034277  41.86224099539361  0.01581013839081234  0.02549587268683623  0  1
42.59107885378139  14.13453573928875  -0.01089151028611272  0.02795308576324805  0  1
25.46822401672642  20.87546482864331  -0.008805875624048217  0.02867850335170567  0  1
4.471627266179143  38.17421246799913  0.02931562961957005  -0.006371331101754723  0  1
39.33784519092426  23.57037472724468  0.006139479929344639  -0.02936506063670181  0  1
44.43335344041603  5.284900958305735  -0.02589233761948445  -0.01515212369929146  0  1
9.013067497533553  4.642351481985093  0.0224547927347342  0.01989427765062426  0  1
1.655368620392524  22.45178449592914  0.01870916073900067  0.02345138171712353  0  1
2.117006313574018  8.00268229805047  0.0298579572072139  0.002915886042386309  0  1
13.87763580710739  22.76805944500689  0.003423503207343895  0.02980402029574712  0  1
27.44271551623392  27.73760950624528  0.02947727369641702  0.005575870822259194  0  1
19.29732345023758  15.65264055400479  -0.02481836920101738  0.01685373994702635  0  1
44.46619992335155  13.85756644890031  -0.0006723077376393266  0.02999246575901872  0  1
17.95068132007012  20.35448282606195  0.01305769053444593  -0.02700919691339676  0  1
32.27042053163397  19.22085041274136  0.006029019756996369  -0.02938793835521212  0  1
33.39970187438242  44.46058457077879  0.02965100532549983  0.004562661853258523  0  1
24.45179086992038  3.854059116888172  -0.01014810832682017  -0.0282314699827537  0  1
23.74363488415283  9.713225704941978  -0.02526439882575257  -0.0161774581431482  0  1
46.74418929265118  24.84140626898333  -0.02642609761281233  -0.01420075226733126  0  1
7.585866718216375  21.49456929254523  -0.02793941691266201  0.01092652655606785  0  1
0.05268791309968268  44.00435109101758  -0.01362836516785664  -0.02672578647769887  0  1
15.44544224885155  26.85500966829936  -0.01062475265745986  0.02805556328017314  0  1
5.744854871792468  47.45752101130344  0.02949646331823208  0.005473449708930292  0  1
46.76359872037805  20.35508467271148  0.01507133714472578  0.02593944480265545  0  1
9.358582309565225  16.53545507985837  0.01606005582288011  -0.02533919112690803  0  1
21.27619423632158  25.33412278532899  0.01360693513063341  -0.02673670354308351  0  1
24.09259287844194  8.607096558061352  -0.02767669579889429  -0.0115758589165326  0  1
42.53961548932919  42.03952585191951  0.02959127895314169  0.004935201102017365  0  1
22.1720035587642  7.810493169223845  0.02867632171780845  -0.008812977518225459  0  1
18.57727223924727  6.923120146864556  0.0003323533874559082  0.02999815896394055  0  1
44.32223597858596  17.27590695889615  0.01275886297617479  0.02715163743782677  0  1
23.17632749505621  1.774821323863509  0.02943577022832812  -0.005790978420359735  0  1
  0  1
