996
Time = 0.00000
0 0.000000 0.000000 2000000000000000000000000000000.000000 214990848.000000
1 292251748.983618 5262720091.575522 2000000000000000000000000000.000000 5000000.000000
2 -1882229949.340510 1065682388.732847 2000000000000000000000000000.000000 5000000.000000
3 422660775.608332 7826786490.968718 2000000000000000000000000000.000000 5000000.000000
4 3758751153.250656 4466064583.010740 2000000000000000000000000000.000000 5000000.000000
5 -3093929088.572323 -815949269.520904 2000000000000000000000000000.000000 5000000.000000
6 3885085154.077110 -3774553473.396639 2000000000000000000000000000.000000 5000000.000000
7 -6566234620.106384 -5331060004.165845 2000000000000000000000000000.000000 5000000.000000
8 5788353993.811422 2013179989.416663 2000000000000000000000000000.000000 5000000.000000
9 6290501183.643469 -4245684371.862855 2000000000000000000000000000.000000 5000000.000000
10 -1180782167.945461 -4156213674.962329 2000000000000000000000000000.000000 5000000.000000
11 -807870070.856369 9359780659.157180 2000000000000000000000000000.000000 5000000.000000
12 7149860832.139574 3760580221.035904 2000000000000000000000000000.000000 5000000.000000
13 6233887091.981130 881162472.299267 2000000000000000000000000000.000000 5000000.000000
14 7588511832.531011 -5075006345.034715 2000000000000000000000000000.000000 5000000.000000
15 -3029873549.610625 2938227782.104720 2000000000000000000000000000.000000 5000000.000000
16 -1697526657.036777 -6700856847.338368 2000000000000000000000000000.000000 5000000.000000
17 -8126044972.697333 -2003558506.182341 2000000000000000000000000000.000000 5000000.000000
18 -3309609749.872446 4475585562.802841 2000000000000000000000000000.000000 5000000.000000
19 -1006873021.687032 -1867853300.462412 2000000000000000000000000000.000000 5000000.000000
20 7463631436.231527 5966073132.771505 2000000000000000000000000000.000000 5000000.000000
21 4130137552.163296 -2357243577.192927 2000000000000000000000000000.000000 5000000.000000
22 340193714.352591 6861364639.117228 2000000000000000000000000000.000000 5000000.000000
23 661142042.322686 4210566130.879048 2000000000000000000000000000.000000 5000000.000000
24 188281410.229660 -2796543651.320908 2000000000000000000000000000.000000 5000000.000000
25 -2444332132.009788 320183852.256978 2000000000000000000000000000.000000 5000000.000000
26 4366152393.915503 -3641635297.585804 2000000000000000000000000000.000000 5000000.000000
27 3265957438.699502 4960876960.990857 2000000000000000000000000000.000000 5000000.000000
28 1175997452.863501 -3151588824.176704 2000000000000000000000000000.000000 5000000.000000
29 8067038885.429120 -1825302919.783704 2000000000000000000000000000.000000 5000000.000000
30 -4041544334.985076 -48484654.998597 2000000000000000000000000000.000000 5000000.000000
31 -682343774.181938 4917511356.870888 2000000000000000000000000000.000000 5000000.000000
32 1604809108.592349 6436856343.749717 2000000000000000000000000000.000000 5000000.000000
33 4870756971.963647 -1332860214.580592 2000000000000000000000000000.000000 5000000.000000
34 3705514511.743193 -181711982.773372 2000000000000000000000000000.000000 5000000.000000
35 -7001411640.675960 -2543473171.299852 2000000000000000000000000000.000000 5000000.000000
36 -5328512582.926871 5076800874.717881 2000000000000000000000000000.000000 5000000.000000
37 -7165278783.494213 -2101465887.629964 2000000000000000000000000000.000000 5000000.000000
38 -4434298518.161686 -7402632580.978315 2000000000000000000000000000.000000 5000000.000000
39 1603886417.780326 -1834617767.396635 2000000000000000000000000000.000000 5000000.000000
40 -3700797819.340547 3731987838.752616 2000000000000000000000000000.000000 5000000.000000
41 -984151923.516410 3243885546.426957 2000000000000000000000000000.000000 5000000.000000
42 -2043851306.650568 -4943410696.057619 2000000000000000000000000000.000000 5000000.000000
43 -2061864432.164417 -3482045965.124374 2000000000000000000000000000.000000 5000000.000000
44 -22424172.822252 -1259401071.568594 2000000000000000000000000000.000000 5000000.000000
45 -848073589.877175 6373438988.561643 2000000000000000000000000000.000000 5000000.000000
46 1988581528.789985 -9203898648.655863 2000000000000000000000000000.000000 5000000.000000
47 5262676276.458173 -1080322019.022084 2000000000000000000000000000.000000 5000000.000000
48 4528450010.898426 548965082.235521 2000000000000000000000000000.000000 5000000.000000
49 5365313174.552339 72159357.721698 2000000000000000000000000000.000000 5000000.000000
50 -4096578922.428611 3905137388.036909 2000000000000000000000000000.000000 5000000.000000
51 -3023088978.633013 -6476667501.776477 2000000000000000000000000000.000000 5000000.000000
52 3805638853.665602 -6683546767.686579 2000000000000000000000000000.000000 5000000.000000
53 -1718053934.687542 5162370635.862906 2000000000000000000000000000.000000 5000000.000000
54 4425659785.814980 779646153.034045 2000000000000000000000000000.000000 5000000.000000
55 -1223833341.564653 787558918.544698 2000000000000000000000000000.000000 5000000.000000
56 -1287402338.593154 -311797998.393483 2000000000000000000000000000.000000 5000000.000000
57 1458299107.346867 392678416.827705 2000000000000000000000000000.000000 5000000.000000
58 6588844543.120705 -6324634641.918125 2000000000000000000000000000.000000 5000000.000000
59 -4995824774.714505 -4060101432.556906 2000000000000000000000000000.000000 5000000.000000
60 2059092174.325721 212654500.773449 2000000000000000000000000000.000000 5000000.000000
61 -181806303.104077 1169061550.226084 2000000000000000000000000000.000000 5000000.000000
62 292428187.026499 -7833374227.721686 2000000000000000000000000000.000000 5000000.000000
63 -5619971963.557582 -2990833246.120653 2000000000000000000000000000.000000 5000000.000000
64 -4564462464.846882 4380990507.521006 2000000000000000000000000000.000000 5000000.000000
65 -4413285901.200616 -1548782620.342125 2000000000000000000000000000.000000 5000000.000000
66 1610610186.953968 5416721329.460682 2000000000000000000000000000.000000 5000000.000000
67 -4334222525.475609 -5647152056.413376 2000000000000000000000000000.000000 5000000.000000
68 -6999825218.252927 2821683248.779974 2000000000000000000000000000.000000 5000000.000000
69 4256087718.787764 2774293612.551282 2000000000000000000000000000.000000 5000000.000000
70 3864047661.444443 -3150885375.084392 2000000000000000000000000000.000000 5000000.000000
71 3209685554.579520 166891242.506838 2000000000000000000000000000.000000 5000000.000000
72 2531051848.348980 -1437962768.273283 2000000000000000000000000000.000000 5000000.000000
73 218192828.602759 5967553457.139693 2000000000000000000000000000.000000 5000000.000000
74 5237366560.068463 -5939510457.354437 2000000000000000000000000000.000000 5000000.000000
75 1501934470.910956 559341620.381988 2000000000000000000000000000.000000 5000000.000000
76 -1712871573.136780 4518353432.967646 2000000000000000000000000000.000000 5000000.000000
77 2959651178.921392 4188255657.881914 2000000000000000000000000000.000000 5000000.000000
78 -170380354.911055 -5065173356.257120 2000000000000000000000000000.000000 5000000.000000
79 3755940490.427250 3469079286.393704 2000000000000000000000000000.000000 5000000.000000
80 4555416979.411439 6574852396.413729 2000000000000000000000000000.000000 5000000.000000
81 904859606.786354 -1405949827.448106 2000000000000000000000000000.000000 5000000.000000
82 2866084038.870126 3423703578.133962 2000000000000000000000000000.000000 5000000.000000
83 -501460812.318444 -1287232707.043380 2000000000000000000000000000.000000 5000000.000000
84 -3870900661.026204 3794515454.282391 2000000000000000000000000000.000000 5000000.000000
85 1539145478.314568 5859169702.596530 2000000000000000000000000000.000000 5000000.000000
86 6533775382.134365 -3789834213.128426 2000000000000000000000000000.000000 5000000.000000
87 -1060491805.563208 512104958.884911 2000000000000000000000000000.000000 5000000.000000
88 6615541369.062690 -311114488.053292 2000000000000000000000000000.000000 5000000.000000
89 -956715425.224200 -7900639557.205220 2000000000000000000000000000.000000 5000000.000000
90 -768044346.873937 6954413001.179545 2000000000000000000000000000.000000 5000000.000000
91 -792403224.478942 -2192750702.592375 2000000000000000000000000000.000000 5000000.000000
92 -2630873501.144564 1234595501.834386 2000000000000000000000000000.000000 5000000.000000
93 278074925.199053 -8744341606.107480 2000000000000000000000000000.000000 5000000.000000
94 3165171576.796788 -1912683799.253469 2000000000000000000000000000.000000 5000000.000000
95 7890701047.721329 3394087646.993517 2000000000000000000000000000.000000 5000000.000000
96 -5753336438.363091 5051928385.271085 2000000000000000000000000000.000000 5000000.000000
97 -4851288507.293698 8067564977.476579 2000000000000000000000000000.000000 5000000.000000
98 5332870106.490250 1200524398.681001 2000000000000000000000000000.000000 5000000.000000
99 2670785385.879998 -3006471109.586307 2000000000000000000000000000.000000 5000000.000000
100 -1848752271.312269 9544945857.354269 2000000000000000000000000000.000000 5000000.000000
101 -5184294088.523430 -487066597.257208 2000000000000000000000000000.000000 5000000.000000
102 3631783290.909176 1620798783.370327 2000000000000000000000000000.000000 5000000.000000
103 -2499607962.536445 -5171840966.240706 2000000000000000000000000000.000000 5000000.000000
104 4791764666.413136 -4880297782.852241 2000000000000000000000000000.000000 5000000.000000
105 2425740312.444539 5219338759.421604 2000000000000000000000000000.000000 5000000.000000
106 1942386076.767861 -3356883126.171835 2000000000000000000000000000.000000 5000000.000000
107 -2040546315.391331 3312133851.940297 2000000000000000000000000000.000000 5000000.000000
108 67672581.577060 6064268675.773216 2000000000000000000000000000.000000 5000000.000000
109 3162807736.130085 -1381126321.361655 2000000000000000000000000000.000000 5000000.000000
110 -2648944039.842692 -1166161536.536970 2000000000000000000000000000.000000 5000000.000000
111 99815528.810162 -6630683796.675841 2000000000000000000000000000.000000 5000000.000000
112 -1014944942.343408 -890641051.868462 2000000000000000000000000000.000000 5000000.000000
113 -136352537.048899 -3966916093.692374 2000000000000000000000000000.000000 5000000.000000
114 -4946099423.449364 3864697768.335235 2000000000000000000000000000.000000 5000000.000000
115 4491212621.580223 -8276448867.926600 2000000000000000000000000000.000000 5000000.000000
116 -6281715188.766465 6458246485.049323 2000000000000000000000000000.000000 5000000.000000
117 -385104255.346873 -5360626992.929507 2000000000000000000000000000.000000 5000000.000000
118 -2201723540.339638 -2093166330.737815 2000000000000000000000000000.000000 5000000.000000
119 6487028179.046054 -4322840294.190601 2000000000000000000000000000.000000 5000000.000000
120 -1245307403.616432 -706430691.203968 2000000000000000000000000000.000000 5000000.000000
121 -7591659024.440102 -2955252235.211288 2000000000000000000000000000.000000 5000000.000000
122 -1640983011.253578 -1064833080.611174 2000000000000000000000000000.000000 5000000.000000
123 -1843028106.114311 -1080249774.717824 2000000000000000000000000000.000000 5000000.000000
124 2178631883.913172 5128788892.317952 2000000000000000000000000000.000000 5000000.000000
125 -5547993289.514230 5246754242.603086 2000000000000000000000000000.000000 5000000.000000
126 -380747336.136730 5634228760.216351 2000000000000000000000000000.000000 5000000.000000
127 7212403223.521663 2216531235.784294 2000000000000000000000000000.000000 5000000.000000
128 -836458876.386924 -2837661091.148329 2000000000000000000000000000.000000 5000000.000000
129 2419803681.254588 -2769662689.904096 2000000000000000000000000000.000000 5000000.000000
130 4449429213.821249 -87010890.875348 2000000000000000000000000000.000000 5000000.000000
131 -4542169313.310384 5598565967.470265 2000000000000000000000000000.000000 5000000.000000
132 -737132940.567424 2909205589.645278 2000000000000000000000000000.000000 5000000.000000
133 -1450271674.560854 1591668451.115401 2000000000000000000000000000.000000 5000000.000000
134 -451108627.751548 -2053684340.546871 2000000000000000000000000000.000000 5000000.000000
135 2671204780.727554 1155811069.784206 2000000000000000000000000000.000000 5000000.000000
136 8756127250.210594 1694585664.132575 2000000000000000000000000000.000000 5000000.000000
137 4826640579.436928 4730164155.099826 2000000000000000000000000000.000000 5000000.000000
138 3463808293.538909 6459944817.591402 2000000000000000000000000000.000000 5000000.000000
139 5116575075.969631 4755450408.682207 2000000000000000000000000000.000000 5000000.000000
140 8513483428.263484 -3252035109.963072 2000000000000000000000000000.000000 5000000.000000
141 -504580095.785503 -1483333972.690784 2000000000000000000000000000.000000 5000000.000000
142 -4290906406.181150 1991561130.369148 2000000000000000000000000000.000000 5000000.000000
143 2559542950.753563 3084636606.093884 2000000000000000000000000000.000000 5000000.000000
144 2687474930.575166 -6570580495.029741 2000000000000000000000000000.000000 5000000.000000
145 -2451109478.401668 9064835802.989058 2000000000000000000000000000.000000 5000000.000000
146 -6508556903.270073 3962045975.693546 2000000000000000000000000000.000000 5000000.000000
147 1338397353.529808 -3369581922.448319 2000000000000000000000000000.000000 5000000.000000
148 -5762622911.851224 2956375143.235550 2000000000000000000000000000.000000 5000000.000000
149 -1183849240.881599 1655569567.864609 2000000000000000000000000000.000000 5000000.000000
150 -4902021499.375788 5958027783.282870 2000000000000000000000000000.000000 5000000.000000
151 -2814118018.432313 -2682592952.177799 2000000000000000000000000000.000000 5000000.000000
152 6532607700.753843 -1078876703.796002 2000000000000000000000000000.000000 5000000.000000
153 -2392114902.277736 -517030351.124484 2000000000000000000000000000.000000 5000000.000000
154 -3317973378.531429 -1563066768.018840 2000000000000000000000000000.000000 5000000.000000
155 1331943099.028756 -825769076.387430 2000000000000000000000000000.000000 5000000.000000
156 841906660.415054 1142448584.900218 2000000000000000000000000000.000000 5000000.000000
157 -1444600907.893168 -9714508202.004244 2000000000000000000000000000.000000 5000000.000000
158 1163571752.962566 -1693412882.219794 2000000000000000000000000000.000000 5000000.000000
159 1141075258.074240 6942365354.475202 2000000000000000000000000000.000000 5000000.000000
160 -118120222.865067 1790476518.252942 2000000000000000000000000000.000000 5000000.000000
161 -8135535899.513935 1789696688.777014 2000000000000000000000000000.000000 5000000.000000
162 1122271116.698193 9175259258.730860 2000000000000000000000000000.000000 5000000.000000
163 3010182666.091863 6546691101.043326 2000000000000000000000000000.000000 5000000.000000
164 3264775946.796006 2031079898.047744 2000000000000000000000000000.000000 5000000.000000
165 -2598135738.966219 -4622750332.310343 2000000000000000000000000000.000000 5000000.000000
166 392586977.039853 4226726983.734680 2000000000000000000000000000.000000 5000000.000000
167 -1016185689.253780 1161861413.829038 2000000000000000000000000000.000000 5000000.000000
168 -7487251361.820568 -4591102618.598763 2000000000000000000000000000.000000 5000000.000000
169 -589549250.270220 -1575265743.353792 2000000000000000000000000000.000000 5000000.000000
170 -761650276.127709 5971516460.689601 2000000000000000000000000000.000000 5000000.000000
171 -3151428715.439925 -1991269515.655235 2000000000000000000000000000.000000 5000000.000000
172 -4480359754.894509 -7609920271.691364 2000000000000000000000000000.000000 5000000.000000
173 -7706992208.415795 4213505635.729480 2000000000000000000000000000.000000 5000000.000000
174 5005327269.567146 -6866622435.502916 2000000000000000000000000000.000000 5000000.000000
175 6115519609.777580 -3606353091.272557 2000000000000000000000000000.000000 5000000.000000
176 8414836150.671034 -5369283493.293195 2000000000000000000000000000.000000 5000000.000000
177 508073540.432451 -4709427732.019644 2000000000000000000000000000.000000 5000000.000000
178 3192751862.826827 -4545628785.529571 2000000000000000000000000000.000000 5000000.000000
179 -973000386.611861 3232535822.626135 2000000000000000000000000000.000000 5000000.000000
180 1238858573.010453 613810485.193772 2000000000000000000000000000.000000 5000000.000000
181 6152028657.948790 6752469072.607043 2000000000000000000000000000.000000 5000000.000000
182 756694488.979602 6390105572.776648 2000000000000000000000000000.000000 5000000.000000
183 1674907877.573365 -1105587690.486638 2000000000000000000000000000.000000 5000000.000000
184 1010532379.876281 4134723945.518650 2000000000000000000000000000.000000 5000000.000000
185 -3922993999.998809 7990046967.392940 2000000000000000000000000000.000000 5000000.000000
186 -1157891898.682116 -4041257338.333797 2000000000000000000000000000.000000 5000000.000000
187 265602156.757798 2139842973.296202 2000000000000000000000000000.000000 5000000.000000
188 -1038364267.656115 -6072981592.141083 2000000000000000000000000000.000000 5000000.000000
189 2078091509.142825 7702942777.288484 2000000000000000000000000000.000000 5000000.000000
190 5297437165.310825 -5055893681.751422 2000000000000000000000000000.000000 5000000.000000
191 7109784232.779572 6410673273.188907 2000000000000000000000000000.000000 5000000.000000
192 7316764429.237853 -3181103924.728308 2000000000000000000000000000.000000 5000000.000000
193 -7872739164.831906 -3135624739.807876 2000000000000000000000000000.000000 5000000.000000
194 5636934925.600504 989543430.202455 2000000000000000000000000000.000000 5000000.000000
195 2887013235.310996 8225528591.994619 2000000000000000000000000000.000000 5000000.000000
196 -6228221004.600092 7758561130.220657 2000000000000000000000000000.000000 5000000.000000
197 3268063411.799261 -2411273437.486485 2000000000000000000000000000.000000 5000000.000000
198 -2645092755.849284 1602202427.767673 2000000000000000000000000000.000000 5000000.000000
199 -1728926223.832231 1632775716.639793 2000000000000000000000000000.000000 5000000.000000
200 2945778778.605667 -3657859696.422515 2000000000000000000000000000.000000 5000000.000000
201 -1195851789.738497 -1686075817.054843 2000000000000000000000000000.000000 5000000.000000
202 893434887.388546 5161417590.640415 2000000000000000000000000000.000000 5000000.000000
203 2583663143.223463 3015520107.287050 2000000000000000000000000000.000000 5000000.000000
204 -4102086537.215704 4068305104.501515 2000000000000000000000000000.000000 5000000.000000
205 -1332822307.707335 -656080995.431381 2000000000000000000000000000.000000 5000000.000000
206 -5651696281.203294 -4153099020.004521 2000000000000000000000000000.000000 5000000.000000
207 -1234077897.163884 8576453038.271439 2000000000000000000000000000.000000 5000000.000000
208 4953270578.175350 -907355614.190821 2000000000000000000000000000.000000 5000000.000000
209 3281442021.335814 -5103838573.784040 2000000000000000000000000000.000000 5000000.000000
210 434174901.425741 -2491537043.505537 2000000000000000000000000000.000000 5000000.000000
211 1677688403.594288 -1358529592.201988 2000000000000000000000000000.000000 5000000.000000
212 3001426185.366924 -8287728423.835042 2000000000000000000000000000.000000 5000000.000000
213 2256008922.928619 -1449065728.962694 2000000000000000000000000000.000000 5000000.000000
214 -4123125469.413017 7909969291.046760 2000000000000000000000000000.000000 5000000.000000
215 -1024126907.926347 4936885152.962233 2000000000000000000000000000.000000 5000000.000000
216 828916528.186398 -7262874804.895712 2000000000000000000000000000.000000 5000000.000000
217 -2381802665.675036 8408133916.310013 2000000000000000000000000000.000000 5000000.000000
219 -2585182526.430908 -3623383494.673293 2000000000000000000000000000.000000 5000000.000000
221 -994575082.747597 1224031142.159672 2000000000000000000000000000.000000 5000000.000000
222 6258529934.889257 -7357950737.517015 2000000000000000000000000000.000000 5000000.000000
223 -3999194008.569761 -6041034231.923903 2000000000000000000000000000.000000 5000000.000000
224 376864929.714239 1460372635.282270 2000000000000000000000000000.000000 5000000.000000
225 7347907767.793582 -5297344020.613204 2000000000000000000000000000.000000 5000000.000000
226 2860994056.017922 -3283162516.238153 2000000000000000000000000000.000000 5000000.000000
227 -5054271052.192598 -2485660288.663777 2000000000000000000000000000.000000 5000000.000000
228 2577386506.362990 -5918612240.665448 2000000000000000000000000000.000000 5000000.000000
229 6441588371.162607 -5212207062.381539 2000000000000000000000000000.000000 5000000.000000
230 1184040341.714841 2126977849.743439 2000000000000000000000000000.000000 5000000.000000
231 -535705068.703661 -4491038376.266011 2000000000000000000000000000.000000 5000000.000000
232 2145007355.444489 -74277411.480362 2000000000000000000000000000.000000 5000000.000000
233 6363771887.233645 -3467025964.854869 2000000000000000000000000000.000000 5000000.000000
234 5359571537.922997 -1131226804.111298 2000000000000000000000000000.000000 5000000.000000
235 -1253372856.085765 1983661982.676318 2000000000000000000000000000.000000 5000000.000000
236 -227782004.630753 -2037819227.210673 2000000000000000000000000000.000000 5000000.000000
237 1503522035.766934 -6405615617.538782 2000000000000000000000000000.000000 5000000.000000
238 -1933605440.838939 4524350896.400583 2000000000000000000000000000.000000 5000000.000000
239 -2277557657.377664 7956106645.605335 2000000000000000000000000000.000000 5000000.000000
240 -6996505394.538924 -5799372888.595534 2000000000000000000000000000.000000 5000000.000000
241 -1188939110.714146 4493689787.923809 2000000000000000000000000000.000000 5000000.000000
242 2814376157.828630 995319624.909325 2000000000000000000000000000.000000 5000000.000000
243 -487788007.982374 1538070458.380030 2000000000000000000000000000.000000 5000000.000000
244 4034898673.754716 -1028094684.452125 2000000000000000000000000000.000000 5000000.000000
245 -749757171.864476 -2651317153.101641 2000000000000000000000000000.000000 5000000.000000
246 7713687330.125684 5397832000.283005 2000000000000000000000000000.000000 5000000.000000
247 1506100995.670912 4407251171.571091 2000000000000000000000000000.000000 5000000.000000
248 529832595.503128 -2304403423.666630 2000000000000000000000000000.000000 5000000.000000
249 39629007.348570 2754544316.856945 2000000000000000000000000000.000000 5000000.000000
250 -1654133051.117798 -53203776.159558 2000000000000000000000000000.000000 5000000.000000
251 -4990301886.639712 4094472926.975503 2000000000000000000000000000.000000 5000000.000000
252 -1695478564.297020 -7990577562.463044 2000000000000000000000000000.000000 5000000.000000
253 896519791.203905 6190776217.704344 2000000000000000000000000000.000000 5000000.000000
254 1003176034.034901 86030085.916813 2000000000000000000000000000.000000 5000000.000000
255 -4500415202.459598 5474883470.401852 2000000000000000000000000000.000000 5000000.000000
256 1768508554.381090 5386172223.747198 2000000000000000000000000000.000000 5000000.000000
257 -5008256429.080984 -2039743030.308119 2000000000000000000000000000.000000 5000000.000000
258 1657865586.858827 -7564368069.805596 2000000000000000000000000000.000000 5000000.000000
259 -3615735930.827121 -5811911007.182158 2000000000000000000000000000.000000 5000000.000000
260 5927123899.309466 -2461873638.841615 2000000000000000000000000000.000000 5000000.000000
261 -938631069.584800 -779518725.137532 2000000000000000000000000000.000000 5000000.000000
262 1201932950.564518 -3982721017.696771 2000000000000000000000000000.000000 5000000.000000
263 -5986011356.146324 -1777668024.168871 2000000000000000000000000000.000000 5000000.000000
264 -5874842369.292041 -468084770.232126 2000000000000000000000000000.000000 5000000.000000
265 -7847495377.638660 -1274253136.323157 2000000000000000000000000000.000000 5000000.000000
266 -1312966085.210601 -3062881523.217974 2000000000000000000000000000.000000 5000000.000000
267 -4868651534.004782 652960667.762569 2000000000000000000000000000.000000 5000000.000000
268 -60576948.415987 -8882479045.388712 2000000000000000000000000000.000000 5000000.000000
269 -2450733091.520314 -332838919.099970 2000000000000000000000000000.000000 5000000.000000
270 2852487923.842800 -7124252610.188097 2000000000000000000000000000.000000 5000000.000000
271 -2226141075.235681 -4877842448.156787 2000000000000000000000000000.000000 5000000.000000
272 8069373277.025455 3757101896.572341 2000000000000000000000000000.000000 5000000.000000
273 6018458994.024085 4931509337.211134 2000000000000000000000000000.000000 5000000.000000
274 -3973754531.294783 3623006093.281074 2000000000000000000000000000.000000 5000000.000000
275 1761273116.438186 5786874765.166238 2000000000000000000000000000.000000 5000000.000000
276 -2457708338.422044 1928196104.108683 2000000000000000000000000000.000000 5000000.000000
277 -6820265420.578154 -4679847820.521859 2000000000000000000000000000.000000 5000000.000000
278 740965099.817958 4309863415.564632 2000000000000000000000000000.000000 5000000.000000
279 -1000849108.957374 -5283824488.770802 2000000000000000000000000000.000000 5000000.000000
280 -2638280040.881126 6165277968.403228 2000000000000000000000000000.000000 5000000.000000
281 -1949508120.048469 3210769829.295892 2000000000000000000000000000.000000 5000000.000000
282 2137102921.460784 5666980728.450956 2000000000000000000000000000.000000 5000000.000000
283 -2581435412.019356 1030032986.403472 2000000000000000000000000000.000000 5000000.000000
284 1411441827.763901 -1370439168.718724 2000000000000000000000000000.000000 5000000.000000
285 4193627167.636906 4646691859.738194 2000000000000000000000000000.000000 5000000.000000
286 2235681115.303217 -4816628551.490191 2000000000000000000000000000.000000 5000000.000000
287 -1640641977.096825 4700676404.446116 2000000000000000000000000000.000000 5000000.000000
288 -685548991.389220 1664580721.257294 2000000000000000000000000000.000000 5000000.000000
289 5957343770.740438 -2942551046.520058 2000000000000000000000000000.000000 5000000.000000
290 -1012532428.477717 -426708311.717968 2000000000000000000000000000.000000 5000000.000000
291 9739857172.213266 1366811832.305677 2000000000000000000000000000.000000 5000000.000000
292 2556688197.250117 -2560696822.738148 2000000000000000000000000000.000000 5000000.000000
293 -3319632008.690809 -2164580056.023014 2000000000000000000000000000.000000 5000000.000000
294 3531418600.468663 -5235040753.562231 2000000000000000000000000000.000000 5000000.000000
295 -194773601.340200 1658900307.236326 2000000000000000000000000000.000000 5000000.000000
296 491097425.567903 2401878230.729054 2000000000000000000000000000.000000 5000000.000000
297 -8194311179.227431 -1656866162.986316 2000000000000000000000000000.000000 5000000.000000
298 -8216682129.982234 493673827.600405 2000000000000000000000000000.000000 5000000.000000
299 -5813362789.315794 1024321260.270167 2000000000000000000000000000.000000 5000000.000000
300 -4724382182.017352 -2128084848.158014 2000000000000000000000000000.000000 5000000.000000
301 3878489894.083712 6436917185.529936 2000000000000000000000000000.000000 5000000.000000
302 3410692044.348951 272682859.544636 2000000000000000000000000000.000000 5000000.000000
303 -1925211792.143271 7710980281.183699 2000000000000000000000000000.000000 5000000.000000
304 -325122093.732988 -1333474340.989986 2000000000000000000000000000.000000 5000000.000000
305 561551311.480108 -5432577115.427953 2000000000000000000000000000.000000 5000000.000000
306 -1581529701.746051 2254183281.702251 2000000000000000000000000000.000000 5000000.000000
307 4071895855.052235 -8949811099.957159 2000000000000000000000000000.000000 5000000.000000
308 5238995638.637054 3464308774.335875 2000000000000000000000000000.000000 5000000.000000
309 3133390700.239226 1246893261.369439 2000000000000000000000000000.000000 5000000.000000
310 -8028485342.307460 58092244.939350 2000000000000000000000000000.000000 5000000.000000
311 -2172200293.334247 -2641925917.449682 2000000000000000000000000000.000000 5000000.000000
312 8503971618.990609 2852295768.026131 2000000000000000000000000000.000000 5000000.000000
313 8429873661.410350 1903255473.385665 2000000000000000000000000000.000000 5000000.000000
314 613958784.696705 -1347237440.099177 2000000000000000000000000000.000000 5000000.000000
315 -1153409868.550817 -3255861636.272572 2000000000000000000000000000.000000 5000000.000000
316 -9196297451.954721 -1051298772.799299 2000000000000000000000000000.000000 5000000.000000
317 -1303317314.622840 -5519721139.959254 2000000000000000000000000000.000000 5000000.000000
318 -3927597012.381299 1389585571.737758 2000000000000000000000000000.000000 5000000.000000
319 4072635315.096325 -1370670630.816994 2000000000000000000000000000.000000 5000000.000000
320 -3886955917.021701 -367230393.006638 2000000000000000000000000000.000000 5000000.000000
321 9386705718.406970 -1384692519.125097 2000000000000000000000000000.000000 5000000.000000
322 2087898267.098463 4177693188.711957 2000000000000000000000000000.000000 5000000.000000
323 7756166055.226681 5741298383.485455 2000000000000000000000000000.000000 5000000.000000
324 3466275445.326975 -3059311168.076616 2000000000000000000000000000.000000 5000000.000000
325 -5985148033.740418 1238687756.102852 2000000000000000000000000000.000000 5000000.000000
326 -5515696290.684237 -4301711298.288036 2000000000000000000000000000.000000 5000000.000000
327 -1274036163.701048 4295930719.040947 2000000000000000000000000000.000000 5000000.000000
328 2564886003.812594 5606327945.608058 2000000000000000000000000000.000000 5000000.000000
329 6471906380.074039 -6877512541.991141 2000000000000000000000000000.000000 5000000.000000
330 362783617.606077 -6943959110.652234 2000000000000000000000000000.000000 5000000.000000
331 633449204.286548 -893495935.445757 4000000000000000000000000000.000000 7071067.811865
332 -5830075280.044635 3205913556.099222 2000000000000000000000000000.000000 5000000.000000
333 2100930465.845323 -5608178223.858333 2000000000000000000000000000.000000 5000000.000000
334 881452302.139353 1529699542.294085 2000000000000000000000000000.000000 5000000.000000
335 -1996138230.999334 7541280428.241683 2000000000000000000000000000.000000 5000000.000000
336 -6801757953.284011 2125459806.144367 2000000000000000000000000000.000000 5000000.000000
337 9420241845.643883 1108471025.708717 2000000000000000000000000000.000000 5000000.000000
338 3073537297.639564 -5128906676.072157 2000000000000000000000000000.000000 5000000.000000
339 800104603.380364 -3554784718.041348 2000000000000000000000000000.000000 5000000.000000
340 -2137980179.009729 54346142.714909 2000000000000000000000000000.000000 5000000.000000
341 5356629287.924433 4928438910.064808 2000000000000000000000000000.000000 5000000.000000
342 -33877841.881761 7938197842.311898 2000000000000000000000000000.000000 5000000.000000
343 2225083029.529455 -6864543060.278131 2000000000000000000000000000.000000 5000000.000000
345 -1740245638.416753 -9486477251.590800 2000000000000000000000000000.000000 5000000.000000
346 -7320862701.609121 935787738.717670 2000000000000000000000000000.000000 5000000.000000
347 -5806687775.773028 3491641593.636367 2000000000000000000000000000.000000 5000000.000000
348 -3528188043.571345 -1485879267.589642 2000000000000000000000000000.000000 5000000.000000
349 3244784166.821861 -5870979.407007 2000000000000000000000000000.000000 5000000.000000
350 1790606955.758360 -3580297520.869713 2000000000000000000000000000.000000 5000000.000000
351 -8716592017.340136 85804373.079261 2000000000000000000000000000.000000 5000000.000000
352 -7273551229.701780 5483566943.571819 2000000000000000000000000000.000000 5000000.000000
353 8386784369.587771 3080703162.662125 2000000000000000000000000000.000000 5000000.000000
354 940168209.324544 -590232095.737646 2000000000000000000000000000.000000 5000000.000000
355 825838614.004553 -1202449467.307858 2000000000000000000000000000.000000 5000000.000000
356 7825193053.363479 2669183465.356793 2000000000000000000000000000.000000 5000000.000000
357 5944927391.989554 -4161892093.832055 2000000000000000000000000000.000000 5000000.000000
358 -6347861666.499149 -5617698846.798984 2000000000000000000000000000.000000 5000000.000000
359 -1612841821.335176 -1141205085.897076 2000000000000000000000000000.000000 5000000.000000
361 -3429282036.610837 5309035814.490047 2000000000000000000000000000.000000 5000000.000000
362 1564932250.931637 8176759822.029701 2000000000000000000000000000.000000 5000000.000000
363 -5995552345.913681 265196372.076274 2000000000000000000000000000.000000 5000000.000000
364 -5779072915.365286 -51956983.069671 2000000000000000000000000000.000000 5000000.000000
365 3662494741.187775 -342730627.087832 2000000000000000000000000000.000000 5000000.000000
366 5150473909.492403 -2308403925.009380 2000000000000000000000000000.000000 5000000.000000
367 137083903.206846 2329950616.441236 2000000000000000000000000000.000000 5000000.000000
368 4293914126.707537 7380349187.314096 2000000000000000000000000000.000000 5000000.000000
369 9336596444.056068 -800042350.224589 2000000000000000000000000000.000000 5000000.000000
370 -5296455961.897184 1662041628.664106 2000000000000000000000000000.000000 5000000.000000
371 7041615107.098056 -2297382060.693044 2000000000000000000000000000.000000 5000000.000000
372 -4069804782.878147 1778506299.510728 2000000000000000000000000000.000000 5000000.000000
373 -1437850418.288644 -4547284451.210307 2000000000000000000000000000.000000 5000000.000000
374 1476387292.687525 -2898173123.438568 2000000000000000000000000000.000000 5000000.000000
375 6607643298.040367 1658609845.487446 2000000000000000000000000000.000000 5000000.000000
376 -2990959340.944133 8015085604.504094 2000000000000000000000000000.000000 5000000.000000
377 -705494360.657746 1612265112.094676 2000000000000000000000000000.000000 5000000.000000
378 2205549234.561019 -4027082155.898893 2000000000000000000000000000.000000 5000000.000000
379 4894019223.228205 -537648204.691037 2000000000000000000000000000.000000 5000000.000000
380 -1848318070.500074 4573088408.272929 2000000000000000000000000000.000000 5000000.000000
381 -1133155733.021772 2782552958.903497 2000000000000000000000000000.000000 5000000.000000
382 -4044027498.381813 7022776033.417665 2000000000000000000000000000.000000 5000000.000000
383 4979199171.017082 8379922321.626785 2000000000000000000000000000.000000 5000000.000000
384 2659264953.807347 6535468129.255503 2000000000000000000000000000.000000 5000000.000000
385 -4305658138.389572 -5343618217.221683 2000000000000000000000000000.000000 5000000.000000
386 3643642470.408197 -1325285134.833173 2000000000000000000000000000.000000 5000000.000000
387 -4199738772.675125 8135650401.752390 2000000000000000000000000000.000000 5000000.000000
388 -1522512013.986384 -2908712765.355844 2000000000000000000000000000.000000 5000000.000000
389 1058141735.431894 -800436861.585927 2000000000000000000000000000.000000 5000000.000000
390 2007599266.454752 -4892701715.195425 2000000000000000000000000000.000000 5000000.000000
391 5719982881.399273 -3783237969.075981 2000000000000000000000000000.000000 5000000.000000
392 -8514766643.613259 -4381491710.316763 2000000000000000000000000000.000000 5000000.000000
393 5503488771.829218 -7955843563.643058 2000000000000000000000000000.000000 5000000.000000
394 -3828620607.110026 -4373038795.627912 2000000000000000000000000000.000000 5000000.000000
395 -1953899271.927065 2273134238.631972 2000000000000000000000000000.000000 5000000.000000
396 -155232034.001419 -3012004746.370251 2000000000000000000000000000.000000 5000000.000000
397 -2853874200.446678 -1095273175.051896 2000000000000000000000000000.000000 5000000.000000
398 -5094924394.314982 -5144890962.503256 2000000000000000000000000000.000000 5000000.000000
399 965999481.092641 -4215807413.619875 2000000000000000000000000000.000000 5000000.000000
400 5633231267.681064 -516289756.643626 2000000000000000000000000000.000000 5000000.000000
401 -5023562883.677063 -874688498.485097 2000000000000000000000000000.000000 5000000.000000
402 8792253846.504532 3657643369.005019 2000000000000000000000000000.000000 5000000.000000
403 -7894533280.087072 1346645636.567906 2000000000000000000000000000.000000 5000000.000000
404 6897671837.252374 3909858613.883300 2000000000000000000000000000.000000 5000000.000000
405 1674617167.417539 -817240316.270145 2000000000000000000000000000.000000 5000000.000000
406 6472249377.714680 -2739367963.538267 2000000000000000000000000000.000000 5000000.000000
407 -6758054736.181278 -2388828502.886781 2000000000000000000000000000.000000 5000000.000000
408 3314527595.436268 6231654935.992677 2000000000000000000000000000.000000 5000000.000000
409 100498958.869413 3383715159.649597 2000000000000000000000000000.000000 5000000.000000
410 3179498529.358042 -3944799358.983112 2000000000000000000000000000.000000 5000000.000000
411 2407184253.539128 4560231104.577948 2000000000000000000000000000.000000 5000000.000000
412 4271541867.112452 -8156105477.691796 2000000000000000000000000000.000000 5000000.000000
413 -9066603453.594591 1469022402.623692 2000000000000000000000000000.000000 5000000.000000
414 5922533521.959896 -7114114762.190549 2000000000000000000000000000.000000 5000000.000000
415 -964820755.797610 -4626640417.843952 2000000000000000000000000000.000000 5000000.000000
416 -4773391057.308366 4927051433.534721 4000000000000000000000000000.000000 7071067.811865
417 -6782883840.028784 118845965.496216 2000000000000000000000000000.000000 5000000.000000
418 2491813099.507533 -1322914958.832280 2000000000000000000000000000.000000 5000000.000000
419 5213812837.045015 -3187334617.147630 2000000000000000000000000000.000000 5000000.000000
420 -421420088.217605 8036195772.815730 2000000000000000000000000000.000000 5000000.000000
421 2523064027.251779 -1644247637.689341 2000000000000000000000000000.000000 5000000.000000
422 -3138512725.156182 -7315726271.031427 2000000000000000000000000000.000000 5000000.000000
423 3915435835.575557 3882502867.348868 2000000000000000000000000000.000000 5000000.000000
424 808471440.376418 4189822961.616875 2000000000000000000000000000.000000 5000000.000000
425 621114153.687484 8903745782.050982 2000000000000000000000000000.000000 5000000.000000
426 410879326.168998 4849407780.233518 2000000000000000000000000000.000000 5000000.000000
427 1605474694.066957 -8992487261.640457 2000000000000000000000000000.000000 5000000.000000
428 836931810.786695 3911096298.678939 2000000000000000000000000000.000000 5000000.000000
429 -1498213368.983527 -6196854387.405395 2000000000000000000000000000.000000 5000000.000000
430 -6003423925.554120 -3309455171.214310 2000000000000000000000000000.000000 5000000.000000
431 7272441396.809759 3049089584.825729 2000000000000000000000000000.000000 5000000.000000
432 848712048.463933 -1878540490.701651 2000000000000000000000000000.000000 5000000.000000
433 -7847421159.705202 2902540643.623503 2000000000000000000000000000.000000 5000000.000000
434 -1712088407.077771 1447163678.886897 2000000000000000000000000000.000000 5000000.000000
435 2471074714.402477 -1474124020.721961 2000000000000000000000000000.000000 5000000.000000
436 8454864205.883186 -1952607596.372280 2000000000000000000000000000.000000 5000000.000000
437 3990486039.127154 -604352863.907611 2000000000000000000000000000.000000 5000000.000000
438 2671547998.350567 -8892933390.009857 2000000000000000000000000000.000000 5000000.000000
439 -4180933615.564240 2288558335.992999 2000000000000000000000000000.000000 5000000.000000
440 1275840547.093785 -665850664.151705 2000000000000000000000000000.000000 5000000.000000
441 5734880892.992042 -1991529002.975090 2000000000000000000000000000.000000 5000000.000000
442 2780519426.148451 -3744321377.802424 2000000000000000000000000000.000000 5000000.000000
443 -2389396915.056578 -925720652.473434 2000000000000000000000000000.000000 5000000.000000
444 -3792366050.684038 1898704896.270887 2000000000000000000000000000.000000 5000000.000000
445 -1213284089.908865 -40074021.057313 2000000000000000000000000000.000000 5000000.000000
446 -4208394564.258102 4219162495.064358 2000000000000000000000000000.000000 5000000.000000
447 3787152587.858222 2289124616.821693 2000000000000000000000000000.000000 5000000.000000
448 1236263279.804168 -572997424.514924 2000000000000000000000000000.000000 5000000.000000
449 4275481005.695844 7433733557.192519 2000000000000000000000000000.000000 5000000.000000
450 -2288602982.220998 63973147.465032 2000000000000000000000000000.000000 5000000.000000
451 -8039286422.261706 -4011619829.915265 2000000000000000000000000000.000000 5000000.000000
452 7046970651.419694 3147584350.734650 2000000000000000000000000000.000000 5000000.000000
453 5565144115.526340 -1595653535.116503 2000000000000000000000000000.000000 5000000.000000
454 5701979224.799269 6401619119.825512 2000000000000000000000000000.000000 5000000.000000
455 1998107630.124574 -9134904180.770897 2000000000000000000000000000.000000 5000000.000000
456 457231987.021458 -4634090407.460128 2000000000000000000000000000.000000 5000000.000000
457 8245667430.222896 -2818275925.114291 2000000000000000000000000000.000000 5000000.000000
458 -5491097537.773151 2810426542.624143 2000000000000000000000000000.000000 5000000.000000
459 -5223283669.601446 -5277675604.194818 2000000000000000000000000000.000000 5000000.000000
460 9447866821.009031 3064425349.695941 2000000000000000000000000000.000000 5000000.000000
461 4859532254.631849 -7506399746.534487 2000000000000000000000000000.000000 5000000.000000
462 2862961410.118110 3198280074.014025 2000000000000000000000000000.000000 5000000.000000
463 -3851079124.894354 -51338313.951654 2000000000000000000000000000.000000 5000000.000000
464 -709904018.250276 4175231452.607983 2000000000000000000000000000.000000 5000000.000000
465 -72475314.457865 -2244935024.232873 2000000000000000000000000000.000000 5000000.000000
466 -1730317526.755986 921660341.528899 2000000000000000000000000000.000000 5000000.000000
467 915035552.713293 925740052.621730 2000000000000000000000000000.000000 5000000.000000
468 -979587918.469271 430876826.539107 2000000000000000000000000000.000000 5000000.000000
469 -1083836755.685219 2285178114.644809 2000000000000000000000000000.000000 5000000.000000
470 6061999289.769639 7517587121.543476 2000000000000000000000000000.000000 5000000.000000
471 6760807319.609049 3041870472.373814 2000000000000000000000000000.000000 5000000.000000
472 -998330565.175584 2522273401.328149 4000000000000000000000000000.000000 7071067.811865
473 -210851399.939537 -4744846988.447559 2000000000000000000000000000.000000 5000000.000000
474 -2139916354.170691 1736079319.888442 2000000000000000000000000000.000000 5000000.000000
475 1883415062.329346 3145363523.037243 2000000000000000000000000000.000000 5000000.000000
476 -4295081042.685342 -8501109749.513876 2000000000000000000000000000.000000 5000000.000000
477 666268579.806715 -1277088194.957536 2000000000000000000000000000.000000 5000000.000000
478 -4023154257.757269 5498580288.796536 2000000000000000000000000000.000000 5000000.000000
479 -937604421.771444 9185933146.484835 2000000000000000000000000000.000000 5000000.000000
480 3716756548.547259 -2288734407.208983 2000000000000000000000000000.000000 5000000.000000
481 2945521145.111604 147211985.657986 2000000000000000000000000000.000000 5000000.000000
482 7855406971.411759 4413331904.654967 2000000000000000000000000000.000000 5000000.000000
483 4705600276.555635 -2390836825.016223 2000000000000000000000000000.000000 5000000.000000
484 6595427599.426380 2637754440.696550 2000000000000000000000000000.000000 5000000.000000
485 4584160844.447257 -1493811743.357574 2000000000000000000000000000.000000 5000000.000000
486 6654708519.553407 -3614888910.209141 2000000000000000000000000000.000000 5000000.000000
487 3761224495.507864 264637235.925341 2000000000000000000000000000.000000 5000000.000000
488 8581376209.318066 973074309.028063 2000000000000000000000000000.000000 5000000.000000
489 -2735979263.940907 -2392536872.706053 2000000000000000000000000000.000000 5000000.000000
490 -5561664941.790932 7431501537.485000 2000000000000000000000000000.000000 5000000.000000
491 -546549083.955143 4625192118.954402 2000000000000000000000000000.000000 5000000.000000
492 -1639842608.524742 -5967442224.522937 2000000000000000000000000000.000000 5000000.000000
493 -522831648.188551 9565706685.400833 2000000000000000000000000000.000000 5000000.000000
494 -4539319536.375938 -3516751141.604536 2000000000000000000000000000.000000 5000000.000000
495 5195231293.584888 -64105939.242189 2000000000000000000000000000.000000 5000000.000000
496 -7162618982.084306 3463844839.353615 2000000000000000000000000000.000000 5000000.000000
497 -5403738103.452074 -3946553028.051265 2000000000000000000000000000.000000 5000000.000000
498 540226940.759979 5251711813.277318 2000000000000000000000000000.000000 5000000.000000
499 7229810030.823538 3246014090.923954 2000000000000000000000000000.000000 5000000.000000
500 5699240244.231444 7129390375.766149 2000000000000000000000000000.000000 5000000.000000
501 2530456058.921618 3996478716.081901 2000000000000000000000000000.000000 5000000.000000
502 -7043701159.311397 4711812212.731724 2000000000000000000000000000.000000 5000000.000000
503 -942495269.800536 -6847927284.390853 2000000000000000000000000000.000000 5000000.000000
504 -3340232922.088702 3254275096.465461 2000000000000000000000000000.000000 5000000.000000
505 245931443.150124 -5040453596.355438 2000000000000000000000000000.000000 5000000.000000
507 -2364081785.247848 -3208449486.240544 2000000000000000000000000000.000000 5000000.000000
508 7098688624.340253 1964112512.350290 2000000000000000000000000000.000000 5000000.000000
509 -1582279025.904175 -1371955596.196860 2000000000000000000000000000.000000 5000000.000000
510 1143852170.557323 9913187717.153587 2000000000000000000000000000.000000 5000000.000000
511 2714282426.768448 2001944181.019434 2000000000000000000000000000.000000 5000000.000000
512 -2594868840.001199 -2175616366.520830 2000000000000000000000000000.000000 5000000.000000
513 4458779588.943731 -6755849655.681932 2000000000000000000000000000.000000 5000000.000000
514 8009902221.428762 5077180579.370775 2000000000000000000000000000.000000 5000000.000000
515 -2091914341.917300 8385081049.142455 2000000000000000000000000000.000000 5000000.000000
516 -5596569072.750233 -7117164235.848837 2000000000000000000000000000.000000 5000000.000000
517 -1932903089.729870 5978860362.597936 2000000000000000000000000000.000000 5000000.000000
518 1379286225.010448 -494103137.866484 2000000000000000000000000000.000000 5000000.000000
519 -1084398388.564341 -6252279809.589335 2000000000000000000000000000.000000 5000000.000000
520 6205253562.371882 4208705085.977121 2000000000000000000000000000.000000 5000000.000000
521 -7987634895.609302 4975115501.956182 2000000000000000000000000000.000000 5000000.000000
522 -3855117177.789561 5847550357.257577 2000000000000000000000000000.000000 5000000.000000
523 -3424356693.813778 -939455888.138947 2000000000000000000000000000.000000 5000000.000000
524 -3295756149.073296 -4813416924.607606 2000000000000000000000000000.000000 5000000.000000
525 994580826.450545 -3667632840.266901 2000000000000000000000000000.000000 5000000.000000
526 3993790811.561497 3271078253.950986 2000000000000000000000000000.000000 5000000.000000
527 -7555836967.001238 -5836367980.289651 2000000000000000000000000000.000000 5000000.000000
528 2393395154.360204 -43985112.065382 2000000000000000000000000000.000000 5000000.000000
529 6448476684.885769 -656904991.630863 2000000000000000000000000000.000000 5000000.000000
530 -997547979.380101 1524048285.218859 2000000000000000000000000000.000000 5000000.000000
531 7424348939.653017 2476367598.129587 2000000000000000000000000000.000000 5000000.000000
532 4077906279.998389 87074161.349677 2000000000000000000000000000.000000 5000000.000000
533 6678491188.256310 930754957.653208 2000000000000000000000000000.000000 5000000.000000
534 -5091009826.168818 2824761150.726924 2000000000000000000000000000.000000 5000000.000000
535 782364584.940899 1471713342.651040 2000000000000000000000000000.000000 5000000.000000
536 1449767956.066348 -3677917023.752412 2000000000000000000000000000.000000 5000000.000000
537 34753287.147152 -4689640385.555118 2000000000000000000000000000.000000 5000000.000000
538 -6918546931.657331 83826678.941489 4000000000000000000000000000.000000 7071067.811865
539 -3718020624.044086 -8872087054.710052 2000000000000000000000000000.000000 5000000.000000
540 -1550558029.563428 2836088493.941909 2000000000000000000000000000.000000 5000000.000000
541 3323798440.957556 -2380005651.970105 2000000000000000000000000000.000000 5000000.000000
542 -1825294804.341776 -6226879828.732084 2000000000000000000000000000.000000 5000000.000000
543 -500216461.365506 -869730071.492433 2000000000000000000000000000.000000 5000000.000000
544 -9073257532.493294 1383107709.023011 2000000000000000000000000000.000000 5000000.000000
545 -2259797108.716900 -1206242009.800418 2000000000000000000000000000.000000 5000000.000000
546 4285047091.004594 2204281759.272267 2000000000000000000000000000.000000 5000000.000000
547 105237885.252350 -2295333487.062701 2000000000000000000000000000.000000 5000000.000000
548 3493384875.812447 3666233536.055614 2000000000000000000000000000.000000 5000000.000000
549 3343848453.514702 -319062472.346007 2000000000000000000000000000.000000 5000000.000000
550 -6355821416.727197 6740017366.409282 2000000000000000000000000000.000000 5000000.000000
551 -1179098511.340365 -615293829.162821 2000000000000000000000000000.000000 5000000.000000
552 9419522924.881687 -913804207.449759 2000000000000000000000000000.000000 5000000.000000
553 -1508550122.200174 5320823367.800204 2000000000000000000000000000.000000 5000000.000000
554 -4923575447.986343 7678115114.136688 2000000000000000000000000000.000000 5000000.000000
555 -4168200028.227949 2363189343.020967 2000000000000000000000000000.000000 5000000.000000
556 3596089436.577267 3187448027.931780 2000000000000000000000000000.000000 5000000.000000
557 737747826.090823 3586698985.287477 2000000000000000000000000000.000000 5000000.000000
558 -209887124.342737 -2822373647.662805 2000000000000000000000000000.000000 5000000.000000
559 -4078351254.843733 3558484802.101600 2000000000000000000000000000.000000 5000000.000000
560 2239537851.271298 1236503471.113505 2000000000000000000000000000.000000 5000000.000000
561 -1253477787.017742 -3363090309.358164 2000000000000000000000000000.000000 5000000.000000
562 3499269397.314123 5959427226.557616 2000000000000000000000000000.000000 5000000.000000
563 1586721637.212615 -5802453678.703271 2000000000000000000000000000.000000 5000000.000000
564 -5118176992.910690 -6100695111.299535 2000000000000000000000000000.000000 5000000.000000
565 6738904302.222815 618584489.804729 2000000000000000000000000000.000000 5000000.000000
566 4694076675.067603 -5230828069.326385 2000000000000000000000000000.000000 5000000.000000
567 7896612736.770072 3818153709.189806 2000000000000000000000000000.000000 5000000.000000
568 -3937944359.443718 -6098758882.937023 2000000000000000000000000000.000000 5000000.000000
569 1365042291.623751 -1186946917.191310 2000000000000000000000000000.000000 5000000.000000
570 -159883121.487520 990701162.114662 2000000000000000000000000000.000000 5000000.000000
571 1161191003.130953 3579108788.208498 2000000000000000000000000000.000000 5000000.000000
572 -2741449846.139931 -1546224001.165450 2000000000000000000000000000.000000 5000000.000000
573 2514218348.632557 -509714204.146032 2000000000000000000000000000.000000 5000000.000000
574 -2412472844.036497 2582958282.218421 2000000000000000000000000000.000000 5000000.000000
575 -350583.594215 -3933651602.190014 2000000000000000000000000000.000000 5000000.000000
576 5299804055.802561 3852383156.650982 2000000000000000000000000000.000000 5000000.000000
577 -4743746291.780735 -4381992912.841373 2000000000000000000000000000.000000 5000000.000000
578 2615774220.305419 -5960400044.659023 2000000000000000000000000000.000000 5000000.000000
579 246747690.466484 -2382776548.245599 2000000000000000000000000000.000000 5000000.000000
580 -21122495.586501 3251557455.200700 2000000000000000000000000000.000000 5000000.000000
581 -7273890992.523280 2042300032.387478 2000000000000000000000000000.000000 5000000.000000
582 70550199.730935 -1904591815.526170 2000000000000000000000000000.000000 5000000.000000
583 5296691537.631503 -7175224676.532034 2000000000000000000000000000.000000 5000000.000000
584 -2779291716.925969 -1624042090.782517 2000000000000000000000000000.000000 5000000.000000
585 -3450562461.386789 -1960898108.569369 2000000000000000000000000000.000000 5000000.000000
586 -1806182813.613900 -4911302365.539986 2000000000000000000000000000.000000 5000000.000000
587 -2120666807.744632 -1789279618.414310 2000000000000000000000000000.000000 5000000.000000
588 986262738.100276 -2487197993.391257 2000000000000000000000000000.000000 5000000.000000
589 -1077425690.071950 1456926913.962722 2000000000000000000000000000.000000 5000000.000000
590 -7725989683.255133 6240018600.540887 2000000000000000000000000000.000000 5000000.000000
591 -197396654.775309 -2374849315.367569 2000000000000000000000000000.000000 5000000.000000
592 1934059194.113448 -9518454373.949896 2000000000000000000000000000.000000 5000000.000000
593 -8368478184.957661 3380163191.382215 2000000000000000000000000000.000000 5000000.000000
594 -558782096.640116 -3382604361.947660 2000000000000000000000000000.000000 5000000.000000
595 509053582.093680 1886844897.820052 2000000000000000000000000000.000000 5000000.000000
596 3661365383.089009 3219340029.380253 2000000000000000000000000000.000000 5000000.000000
597 -3150728557.185235 -7040923052.709871 2000000000000000000000000000.000000 5000000.000000
598 5551332682.229123 6690121728.944122 2000000000000000000000000000.000000 5000000.000000
599 -1186037413.840002 3472979970.919777 2000000000000000000000000000.000000 5000000.000000
600 4752412969.451773 -1239964938.307716 2000000000000000000000000000.000000 5000000.000000
601 8140478023.805996 -1054025817.490793 2000000000000000000000000000.000000 5000000.000000
602 2151830211.060446 -3747664321.280449 2000000000000000000000000000.000000 5000000.000000
603 -6461816212.105155 -489422725.705829 2000000000000000000000000000.000000 5000000.000000
604 -4017578726.449838 2447166782.645580 2000000000000000000000000000.000000 5000000.000000
605 -3726907992.213261 2463982746.847209 2000000000000000000000000000.000000 5000000.000000
606 5026373043.638286 -5499557788.433639 2000000000000000000000000000.000000 5000000.000000
607 1079762782.673309 -301215976.817028 2000000000000000000000000000.000000 5000000.000000
608 -138134866.150418 -3082430566.674578 2000000000000000000000000000.000000 5000000.000000
609 9334981104.204203 1656639555.808121 2000000000000000000000000000.000000 5000000.000000
610 1431751390.920640 -1506285661.918806 2000000000000000000000000000.000000 5000000.000000
611 3606935531.834055 -8595487501.892168 2000000000000000000000000000.000000 5000000.000000
612 3694545754.881604 -1167760224.208708 2000000000000000000000000000.000000 5000000.000000
613 -4869246546.998172 4990324040.080144 2000000000000000000000000000.000000 5000000.000000
614 6497025666.561048 -7201312292.357341 2000000000000000000000000000.000000 5000000.000000
615 1209710452.716826 -2158390764.278823 2000000000000000000000000000.000000 5000000.000000
616 -3303968839.901705 5353915896.501757 2000000000000000000000000000.000000 5000000.000000
617 -4295437528.012089 -577878300.009047 2000000000000000000000000000.000000 5000000.000000
618 1424173887.589236 -46743265.706776 2000000000000000000000000000.000000 5000000.000000
619 -7558851213.036321 1484552184.227707 2000000000000000000000000000.000000 5000000.000000
620 3042904340.164558 -825118774.110779 2000000000000000000000000000.000000 5000000.000000
621 -1637453469.031498 4038849010.018313 2000000000000000000000000000.000000 5000000.000000
622 1624788613.415242 3501419701.769071 2000000000000000000000000000.000000 5000000.000000
623 -4046292176.743970 4459711087.373886 2000000000000000000000000000.000000 5000000.000000
624 247882109.703733 -3140428833.105096 2000000000000000000000000000.000000 5000000.000000
625 -3417022603.418200 7834045872.473681 2000000000000000000000000000.000000 5000000.000000
626 -9089041245.069067 -2529568323.461642 2000000000000000000000000000.000000 5000000.000000
627 -3409840421.490536 6058340027.954563 2000000000000000000000000000.000000 5000000.000000
628 -3827807682.883069 3430137927.191364 2000000000000000000000000000.000000 5000000.000000
629 8519272436.042290 -1898390315.859486 2000000000000000000000000000.000000 5000000.000000
630 -2394229707.744621 -839613384.726301 2000000000000000000000000000.000000 5000000.000000
631 2393606546.474291 -8073176900.388117 2000000000000000000000000000.000000 5000000.000000
632 4281035548.891049 -1474459777.694445 2000000000000000000000000000.000000 5000000.000000
633 2425397422.790275 1926501877.976051 2000000000000000000000000000.000000 5000000.000000
634 -881933433.424293 2258857559.431738 2000000000000000000000000000.000000 5000000.000000
635 5974634872.618760 -1875637447.140644 2000000000000000000000000000.000000 5000000.000000
636 -3552953909.975478 1912853891.202267 2000000000000000000000000000.000000 5000000.000000
637 6929167189.895729 3276593730.975191 2000000000000000000000000000.000000 5000000.000000
638 5836856981.281705 -7595531962.947236 2000000000000000000000000000.000000 5000000.000000
639 3004227656.299101 2381941371.595160 2000000000000000000000000000.000000 5000000.000000
640 1936981039.431324 -5154599213.158455 2000000000000000000000000000.000000 5000000.000000
641 -4691325190.229671 -6411496957.789822 2000000000000000000000000000.000000 5000000.000000
642 -1174660602.905137 -3614177657.548959 2000000000000000000000000000.000000 5000000.000000
643 -131517027.315116 -1979760655.093610 2000000000000000000000000000.000000 5000000.000000
644 2559927597.047996 -5370076674.333702 2000000000000000000000000000.000000 5000000.000000
645 4615714153.589420 -2459077946.855019 2000000000000000000000000000.000000 5000000.000000
646 -4739167569.483610 46649936.066224 2000000000000000000000000000.000000 5000000.000000
647 90704279.374630 5870832611.323326 2000000000000000000000000000.000000 5000000.000000
648 -1391082505.710670 -1802381973.128702 2000000000000000000000000000.000000 5000000.000000
649 -835607382.086716 602532991.899263 2000000000000000000000000000.000000 5000000.000000
650 6587067214.906448 7217959586.056490 2000000000000000000000000000.000000 5000000.000000
651 -6350719799.168707 -697760926.336466 2000000000000000000000000000.000000 5000000.000000
652 1258674624.758136 -4439996827.366449 2000000000000000000000000000.000000 5000000.000000
653 219921073.126235 1277719801.440566 2000000000000000000000000000.000000 5000000.000000
654 -1904715790.577750 380163117.180167 2000000000000000000000000000.000000 5000000.000000
655 1494423888.478264 -1693788262.839647 2000000000000000000000000000.000000 5000000.000000
656 -8241656995.456952 -340227518.878958 2000000000000000000000000000.000000 5000000.000000
657 1943472447.324497 2297670187.145234 2000000000000000000000000000.000000 5000000.000000
658 -1930373589.604824 -8685257699.340440 2000000000000000000000000000.000000 5000000.000000
659 -3070872488.880458 7502930607.540703 2000000000000000000000000000.000000 5000000.000000
660 -9934816766.172205 909716493.822002 2000000000000000000000000000.000000 5000000.000000
661 1627474370.483676 3732176024.489848 2000000000000000000000000000.000000 5000000.000000
662 -2384988780.831827 -6532494228.615183 2000000000000000000000000000.000000 5000000.000000
663 2917433094.338511 -1375168686.161133 2000000000000000000000000000.000000 5000000.000000
664 -1905695471.068234 3207942590.086796 2000000000000000000000000000.000000 5000000.000000
665 -4722764750.099344 -4871070503.975563 2000000000000000000000000000.000000 5000000.000000
666 -3794932180.126868 6614311548.197473 2000000000000000000000000000.000000 5000000.000000
667 4574330263.541615 -648441232.754196 2000000000000000000000000000.000000 5000000.000000
668 -2648563413.612773 4483112571.600214 2000000000000000000000000000.000000 5000000.000000
669 -2359152829.305196 3605473409.265976 2000000000000000000000000000.000000 5000000.000000
670 -6012754801.857906 -5635392856.545332 2000000000000000000000000000.000000 5000000.000000
671 -374114853.711122 1657411613.620331 2000000000000000000000000000.000000 5000000.000000
672 2028705824.696698 1184979210.600291 2000000000000000000000000000.000000 5000000.000000
673 -5630454294.816938 4095638456.226331 2000000000000000000000000000.000000 5000000.000000
674 3737183225.382895 -2568494993.705108 2000000000000000000000000000.000000 5000000.000000
675 5001045707.385094 -1195112797.781043 2000000000000000000000000000.000000 5000000.000000
676 -942609504.342264 367491259.677036 2000000000000000000000000000.000000 5000000.000000
677 -1735956605.987415 1359764456.431704 2000000000000000000000000000.000000 5000000.000000
678 -2082012248.478613 5616874596.409402 2000000000000000000000000000.000000 5000000.000000
679 5958367073.746449 -5179535981.813219 2000000000000000000000000000.000000 5000000.000000
680 -1136416571.155081 4280689356.809383 2000000000000000000000000000.000000 5000000.000000
681 -206113356.276333 -1338798658.256676 2000000000000000000000000000.000000 5000000.000000
682 -1113569044.954048 -632293380.175619 2000000000000000000000000000.000000 5000000.000000
683 8581221738.352138 860179561.152526 2000000000000000000000000000.000000 5000000.000000
684 -2057860858.837768 -1808554441.399114 2000000000000000000000000000.000000 5000000.000000
685 858124098.939935 -8921219006.797018 2000000000000000000000000000.000000 5000000.000000
686 -5900553291.686275 7846954932.977514 2000000000000000000000000000.000000 5000000.000000
687 -4873809120.330434 2004131120.177504 2000000000000000000000000000.000000 5000000.000000
688 27412073.265819 -1515866343.557607 2000000000000000000000000000.000000 5000000.000000
689 -7823145748.833951 509013624.032122 2000000000000000000000000000.000000 5000000.000000
690 -2103447519.719052 430777769.172544 2000000000000000000000000000.000000 5000000.000000
691 -1494455299.675497 -2845912229.422601 2000000000000000000000000000.000000 5000000.000000
692 701456357.020902 -8579006522.409469 2000000000000000000000000000.000000 5000000.000000
693 -1709412773.550633 3446417875.593426 2000000000000000000000000000.000000 5000000.000000
694 -5109897502.645837 -2083932186.621903 2000000000000000000000000000.000000 5000000.000000
695 8572515694.826780 -282155245.975097 2000000000000000000000000000.000000 5000000.000000
696 -256612400.659596 4399950931.728026 2000000000000000000000000000.000000 5000000.000000
697 -4494281692.829652 -2142646924.018316 2000000000000000000000000000.000000 5000000.000000
698 -5579323396.607206 5971589284.847417 2000000000000000000000000000.000000 5000000.000000
699 -1644976147.708920 -432485251.722603 2000000000000000000000000000.000000 5000000.000000
700 -2274508750.303508 -926112709.877886 2000000000000000000000000000.000000 5000000.000000
701 6107859296.905739 2864860061.084980 2000000000000000000000000000.000000 5000000.000000
702 -3599393121.425102 87347364.476990 2000000000000000000000000000.000000 5000000.000000
703 -4412482855.550530 -2423545668.165554 2000000000000000000000000000.000000 5000000.000000
704 7947580722.170736 -1597051857.656527 2000000000000000000000000000.000000 5000000.000000
705 -8895229062.166712 -486130970.449226 2000000000000000000000000000.000000 5000000.000000
706 -811479926.578256 -4356078174.335095 2000000000000000000000000000.000000 5000000.000000
707 1487063761.950990 467223481.748632 2000000000000000000000000000.000000 5000000.000000
708 -2291720591.150802 -487613109.921608 2000000000000000000000000000.000000 5000000.000000
709 5307331501.416019 123747704.933616 2000000000000000000000000000.000000 5000000.000000
710 2283497401.359126 -4150583107.966092 2000000000000000000000000000.000000 5000000.000000
711 624737465.660125 1867862581.848407 2000000000000000000000000000.000000 5000000.000000
712 -54825181.181110 1280413965.531811 2000000000000000000000000000.000000 5000000.000000
713 1209370920.208427 641130649.765759 2000000000000000000000000000.000000 5000000.000000
714 4914429646.132831 4505630273.164537 2000000000000000000000000000.000000 5000000.000000
715 1315754849.378885 -5870471482.530579 2000000000000000000000000000.000000 5000000.000000
716 -657054180.474943 -7260940710.363916 2000000000000000000000000000.000000 5000000.000000
717 2038615325.996669 -2279124013.004415 2000000000000000000000000000.000000 5000000.000000
718 5784216267.114536 -7281618202.542856 2000000000000000000000000000.000000 5000000.000000
719 12947682.350217 -2556069005.561350 2000000000000000000000000000.000000 5000000.000000
720 -2802146212.061072 -5922071467.834005 2000000000000000000000000000.000000 5000000.000000
721 -4720232344.940937 3728302224.573143 2000000000000000000000000000.000000 5000000.000000
722 4420586742.177149 -3672317901.241040 2000000000000000000000000000.000000 5000000.000000
723 -536007087.071013 905309384.608298 2000000000000000000000000000.000000 5000000.000000
724 5544225204.540304 1314075114.640371 2000000000000000000000000000.000000 5000000.000000
725 -2239338446.613971 -3215847145.516894 2000000000000000000000000000.000000 5000000.000000
726 2349222972.436329 -481754870.045611 2000000000000000000000000000.000000 5000000.000000
727 2693982066.878647 8160712010.425929 2000000000000000000000000000.000000 5000000.000000
728 5672288015.072988 2363763926.061630 2000000000000000000000000000.000000 5000000.000000
729 1096706544.627008 1203402037.278035 2000000000000000000000000000.000000 5000000.000000
730 -3877908138.737679 -8196626511.274228 2000000000000000000000000000.000000 5000000.000000
731 65481922.916386 -1236698125.855316 2000000000000000000000000000.000000 5000000.000000
732 -1030898586.813785 -2484984043.397121 2000000000000000000000000000.000000 5000000.000000
733 4980765955.933653 -3802834427.236999 2000000000000000000000000000.000000 5000000.000000
734 -2983883842.231507 8863176827.841217 2000000000000000000000000000.000000 5000000.000000
735 81440168.330176 -5414323269.177154 2000000000000000000000000000.000000 5000000.000000
736 -4895895627.160818 -1491565388.492701 2000000000000000000000000000.000000 5000000.000000
737 -402423190.558031 -2615480302.083583 2000000000000000000000000000.000000 5000000.000000
738 2392564605.666429 3070440822.567413 2000000000000000000000000000.000000 5000000.000000
739 -37651235.152309 2177687444.099801 2000000000000000000000000000.000000 5000000.000000
740 2004287733.233420 -32814868.023311 2000000000000000000000000000.000000 5000000.000000
741 -816806541.025980 -577096901.052575 2000000000000000000000000000.000000 5000000.000000
742 -4591460731.756858 -6126968939.108866 2000000000000000000000000000.000000 5000000.000000
743 171546658.945484 6600568031.284177 2000000000000000000000000000.000000 5000000.000000
744 -3828902516.638243 -3938645826.259687 2000000000000000000000000000.000000 5000000.000000
745 -2288506849.646115 -8436846502.106489 2000000000000000000000000000.000000 5000000.000000
746 1152292906.691499 2554824284.869100 2000000000000000000000000000.000000 5000000.000000
747 -2331316917.738157 -4316329354.958740 2000000000000000000000000000.000000 5000000.000000
748 6046265035.344873 3996272655.853371 2000000000000000000000000000.000000 5000000.000000
749 -4426712408.250065 3488070972.844302 2000000000000000000000000000.000000 5000000.000000
750 5108958846.265231 5288619231.114584 2000000000000000000000000000.000000 5000000.000000
751 -5340121820.392401 935672056.786751 2000000000000000000000000000.000000 5000000.000000
752 -9714944176.288454 1292043379.797006 2000000000000000000000000000.000000 5000000.000000
753 7878097231.266278 4730379905.350884 2000000000000000000000000000.000000 5000000.000000
754 1043847228.505494 6949002963.857738 2000000000000000000000000000.000000 5000000.000000
755 8074553344.072425 -362676931.918217 2000000000000000000000000000.000000 5000000.000000
756 420332569.276633 1354042985.913737 2000000000000000000000000000.000000 5000000.000000
757 -3421832201.420714 -6529450264.303451 2000000000000000000000000000.000000 5000000.000000
758 -4113410678.722526 4322109917.085537 2000000000000000000000000000.000000 5000000.000000
759 1727925846.710353 1258125893.023037 2000000000000000000000000000.000000 5000000.000000
760 5250451217.931876 2172716945.437523 2000000000000000000000000000.000000 5000000.000000
761 7282138206.465510 2510428288.565327 2000000000000000000000000000.000000 5000000.000000
762 -1609375208.067974 -9331440705.916908 2000000000000000000000000000.000000 5000000.000000
763 -2197903637.656025 -3870446681.877645 2000000000000000000000000000.000000 5000000.000000
764 -5604246376.811030 6459604259.120514 2000000000000000000000000000.000000 5000000.000000
765 8033904627.744374 2314269855.876217 2000000000000000000000000000.000000 5000000.000000
766 -1156038518.172891 -392683614.345044 2000000000000000000000000000.000000 5000000.000000
767 516093103.396569 -4974676424.602353 2000000000000000000000000000.000000 5000000.000000
768 -2456045144.771830 -6446647793.694511 2000000000000000000000000000.000000 5000000.000000
769 -6837259397.546849 -1158271166.677582 2000000000000000000000000000.000000 5000000.000000
770 5471032903.820091 -6136034768.926056 2000000000000000000000000000.000000 5000000.000000
771 1022611560.181831 160706048.570308 2000000000000000000000000000.000000 5000000.000000
772 -2365403784.894255 2740374469.548508 2000000000000000000000000000.000000 5000000.000000
773 5810370205.993558 6659163591.447329 2000000000000000000000000000.000000 5000000.000000
774 -1229692239.324809 -6045483582.742976 2000000000000000000000000000.000000 5000000.000000
775 -32014482.422343 2587945962.340233 2000000000000000000000000000.000000 5000000.000000
776 6462518911.988158 -502736246.718573 2000000000000000000000000000.000000 5000000.000000
777 2220973558.411263 -8070234099.714781 2000000000000000000000000000.000000 5000000.000000
778 1221560809.373667 1702074338.224158 2000000000000000000000000000.000000 5000000.000000
779 -3423254953.397616 6917820031.122934 2000000000000000000000000000.000000 5000000.000000
780 -8572339090.290380 103413076.301506 2000000000000000000000000000.000000 5000000.000000
781 -2591663519.047653 -1229211155.908171 2000000000000000000000000000.000000 5000000.000000
782 3302263103.900670 2286472462.877652 2000000000000000000000000000.000000 5000000.000000
783 -1190953158.347008 447104391.145585 2000000000000000000000000000.000000 5000000.000000
784 368619352.283826 5229682697.010202 2000000000000000000000000000.000000 5000000.000000
785 -279875690.072346 1882282297.461482 2000000000000000000000000000.000000 5000000.000000
786 1120370407.685173 3777800526.539777 2000000000000000000000000000.000000 5000000.000000
787 1573644315.790014 -3462769888.057635 2000000000000000000000000000.000000 5000000.000000
788 -488330797.721753 -911052554.858708 2000000000000000000000000000.000000 5000000.000000
789 5154366876.213258 -8232099255.276773 2000000000000000000000000000.000000 5000000.000000
790 -2704496297.183280 -425662374.633765 2000000000000000000000000000.000000 5000000.000000
791 4272146977.532716 -8310438515.910070 2000000000000000000000000000.000000 5000000.000000
792 -5925751597.796295 7807596797.903496 2000000000000000000000000000.000000 5000000.000000
793 -1448483532.844443 -1704286991.080954 2000000000000000000000000000.000000 5000000.000000
794 6273164223.773982 -676439427.695074 2000000000000000000000000000.000000 5000000.000000
795 -5247395477.709914 4424390901.218175 2000000000000000000000000000.000000 5000000.000000
796 668707360.479130 2582425285.659246 2000000000000000000000000000.000000 5000000.000000
797 -1024541046.469231 -2971423265.510698 2000000000000000000000000000.000000 5000000.000000
798 -6056908397.894895 -321811278.873474 2000000000000000000000000000.000000 5000000.000000
799 5580280845.163715 -7840451122.339631 2000000000000000000000000000.000000 5000000.000000
800 -1190352085.812207 -297191218.831531 2000000000000000000000000000.000000 5000000.000000
801 401510574.006679 -1939084382.888542 2000000000000000000000000000.000000 5000000.000000
802 -328894138.077090 -3721822662.494094 2000000000000000000000000000.000000 5000000.000000
803 3585365079.482881 -1960590785.797139 2000000000000000000000000000.000000 5000000.000000
804 9951933359.861465 -723017992.149067 2000000000000000000000000000.000000 5000000.000000
805 -3463363631.435008 34229566.527101 2000000000000000000000000000.000000 5000000.000000
806 459483490.698131 -2345432909.857431 2000000000000000000000000000.000000 5000000.000000
807 1112758052.586862 159084570.392153 2000000000000000000000000000.000000 5000000.000000
808 -2452043467.051930 9142338238.935482 2000000000000000000000000000.000000 5000000.000000
809 -1506199517.860499 3317165777.785336 2000000000000000000000000000.000000 5000000.000000
810 3364262470.391478 1891655820.265775 2000000000000000000000000000.000000 5000000.000000
811 2290006921.061733 688564952.597460 2000000000000000000000000000.000000 5000000.000000
812 -693425486.513270 6543234217.775101 2000000000000000000000000000.000000 5000000.000000
813 8042200767.394465 1301236467.226977 2000000000000000000000000000.000000 5000000.000000
814 -816879854.015081 -1038378829.623860 2000000000000000000000000000.000000 5000000.000000
815 3318531566.736630 1109353209.331161 2000000000000000000000000000.000000 5000000.000000
816 -6887255953.547340 3983915932.792042 2000000000000000000000000000.000000 5000000.000000
817 -1109019502.410796 4955121458.097857 2000000000000000000000000000.000000 5000000.000000
818 9818714940.223108 -958866928.468876 2000000000000000000000000000.000000 5000000.000000
819 343208506.186301 3703848737.660027 2000000000000000000000000000.000000 5000000.000000
820 -573233583.197693 910406282.178515 2000000000000000000000000000.000000 5000000.000000
821 3906266620.297003 -2594200520.626649 2000000000000000000000000000.000000 5000000.000000
822 517665350.414313 3790511284.359678 2000000000000000000000000000.000000 5000000.000000
823 8326501962.233535 233447897.227947 2000000000000000000000000000.000000 5000000.000000
824 1266188403.546748 2069547783.613083 2000000000000000000000000000.000000 5000000.000000
825 3309386672.438427 -1128576742.850119 2000000000000000000000000000.000000 5000000.000000
826 -5334233112.307958 -2023043647.613102 2000000000000000000000000000.000000 5000000.000000
827 4413493588.852755 2356802422.001757 2000000000000000000000000000.000000 5000000.000000
828 2063747574.036413 636684599.454754 2000000000000000000000000000.000000 5000000.000000
829 2704018964.682747 5364949049.318756 2000000000000000000000000000.000000 5000000.000000
830 2284139036.799150 -8024483604.440764 2000000000000000000000000000.000000 5000000.000000
831 -6044221839.184031 -4954963313.254789 2000000000000000000000000000.000000 5000000.000000
832 1439166414.578262 2057626500.961864 2000000000000000000000000000.000000 5000000.000000
833 -3139394265.648565 2632351552.648611 2000000000000000000000000000.000000 5000000.000000
834 -375387911.563405 -2313165460.020661 2000000000000000000000000000.000000 5000000.000000
835 2204307275.973960 829355817.490165 2000000000000000000000000000.000000 5000000.000000
836 120858571.459898 -8160860528.393020 2000000000000000000000000000.000000 5000000.000000
837 -7567780789.094808 399748548.778651 2000000000000000000000000000.000000 5000000.000000
838 -7309093027.910952 330093753.485419 2000000000000000000000000000.000000 5000000.000000
839 4068530865.600355 3568438941.688813 2000000000000000000000000000.000000 5000000.000000
840 -457606015.447295 -3331412090.893077 2000000000000000000000000000.000000 5000000.000000
841 3387965566.938012 -1706251040.685938 2000000000000000000000000000.000000 5000000.000000
842 -3446398891.738084 402795811.296572 2000000000000000000000000000.000000 5000000.000000
843 -5352027849.202777 4789915147.067179 2000000000000000000000000000.000000 5000000.000000
844 -2608351922.013389 -140039610.395876 2000000000000000000000000000.000000 5000000.000000
845 -2795931872.927020 -1454671891.693000 2000000000000000000000000000.000000 5000000.000000
846 2973844196.086274 667126226.786104 2000000000000000000000000000.000000 5000000.000000
847 -4832888523.401742 5636752121.585514 2000000000000000000000000000.000000 5000000.000000
848 -3210628349.515229 2672794353.300838 2000000000000000000000000000.000000 5000000.000000
849 4560802090.914704 1626676981.571984 2000000000000000000000000000.000000 5000000.000000
850 2061230472.896780 278683243.049288 2000000000000000000000000000.000000 5000000.000000
851 512743081.706656 3859115065.396617 2000000000000000000000000000.000000 5000000.000000
852 5475506040.477184 7568967125.902398 2000000000000000000000000000.000000 5000000.000000
853 966171495.407664 594172282.253030 2000000000000000000000000000.000000 5000000.000000
854 -6599755330.332282 -5336182145.838021 2000000000000000000000000000.000000 5000000.000000
855 2884267294.153355 795362019.476599 2000000000000000000000000000.000000 5000000.000000
856 2456705492.809305 3331701232.839320 2000000000000000000000000000.000000 5000000.000000
857 2609135741.129008 8321187737.067428 2000000000000000000000000000.000000 5000000.000000
858 -1958015266.886689 -6172598915.192218 2000000000000000000000000000.000000 5000000.000000
859 1662543651.647148 -298753455.548944 2000000000000000000000000000.000000 5000000.000000
860 -7051621128.317884 -1300948860.018836 2000000000000000000000000000.000000 5000000.000000
861 -740745706.757634 -8556059142.918131 2000000000000000000000000000.000000 5000000.000000
862 554235742.973807 1213400843.800229 4000000000000000000000000000.000000 7071067.811865
863 2518039275.195078 -7260751252.555601 2000000000000000000000000000.000000 5000000.000000
864 -1912383202.529424 -5570775.094228 2000000000000000000000000000.000000 5000000.000000
865 -4069298098.614333 -6217743618.500828 2000000000000000000000000000.000000 5000000.000000
866 -8267535095.984638 -1769805039.141197 2000000000000000000000000000.000000 5000000.000000
867 2032924421.075848 4384217884.299254 2000000000000000000000000000.000000 5000000.000000
868 -1396831580.995580 -3429635287.205928 2000000000000000000000000000.000000 5000000.000000
869 -4546299226.348990 -4604349018.434932 2000000000000000000000000000.000000 5000000.000000
870 -7355031780.569403 -360321748.974847 2000000000000000000000000000.000000 5000000.000000
871 3833677011.017750 -2580259250.113755 2000000000000000000000000000.000000 5000000.000000
872 -526044422.178670 -2018479592.712297 2000000000000000000000000000.000000 5000000.000000
873 -8513187534.407590 -2084529244.078171 2000000000000000000000000000.000000 5000000.000000
874 2606683857.128316 -810982436.509728 2000000000000000000000000000.000000 5000000.000000
875 -795162645.943161 -2650395234.537592 2000000000000000000000000000.000000 5000000.000000
876 -73124908.395097 -5314406158.967899 2000000000000000000000000000.000000 5000000.000000
877 -3731651260.097508 -2823933314.235358 2000000000000000000000000000.000000 5000000.000000
878 1507597144.271415 -2983968081.798990 2000000000000000000000000000.000000 5000000.000000
879 2797657399.463854 -408090452.905206 2000000000000000000000000000.000000 5000000.000000
880 -7356331823.808874 5318044820.457392 2000000000000000000000000000.000000 5000000.000000
881 -8121385800.898716 -4786425367.793977 2000000000000000000000000000.000000 5000000.000000
882 958187361.664060 -7939200132.277361 2000000000000000000000000000.000000 5000000.000000
883 9510870025.036057 2974376735.069325 2000000000000000000000000000.000000 5000000.000000
884 1449142827.059696 -2454289928.485431 2000000000000000000000000000.000000 5000000.000000
885 -2205262371.910948 -230355742.438867 2000000000000000000000000000.000000 5000000.000000
886 4958329292.772175 6151426499.818947 2000000000000000000000000000.000000 5000000.000000
887 1452438408.459243 -6701499150.040083 2000000000000000000000000000.000000 5000000.000000
888 -836404346.330190 -3393795722.722323 2000000000000000000000000000.000000 5000000.000000
889 -2684892374.012722 8477658437.452504 2000000000000000000000000000.000000 5000000.000000
890 2351657373.111939 -7859014481.830293 2000000000000000000000000000.000000 5000000.000000
891 2398758795.583031 1546040217.086453 2000000000000000000000000000.000000 5000000.000000
892 3652795587.461709 2270717955.939020 2000000000000000000000000000.000000 5000000.000000
893 1435188048.651250 -3846301464.978230 2000000000000000000000000000.000000 5000000.000000
894 2802357825.883851 -4904834114.453142 2000000000000000000000000000.000000 5000000.000000
895 1823010465.545315 -603577489.522517 2000000000000000000000000000.000000 5000000.000000
896 2925303298.546602 -5036135014.979907 2000000000000000000000000000.000000 5000000.000000
897 8778790191.455246 739583997.449021 2000000000000000000000000000.000000 5000000.000000
898 7517784367.867416 -397970974.812063 2000000000000000000000000000.000000 5000000.000000
899 -1156286438.804079 -5518442179.120223 2000000000000000000000000000.000000 5000000.000000
900 -1970011400.162745 3410988169.057576 2000000000000000000000000000.000000 5000000.000000
901 6002474963.253963 -1503194496.014120 2000000000000000000000000000.000000 5000000.000000
902 1036719661.704759 -3089377349.224104 2000000000000000000000000000.000000 5000000.000000
903 -4442364635.865770 3400164361.693655 2000000000000000000000000000.000000 5000000.000000
904 4020182293.119007 -4304336085.964808 2000000000000000000000000000.000000 5000000.000000
905 -5598370181.330728 -39691194.765140 2000000000000000000000000000.000000 5000000.000000
906 -4986486907.289297 -3424353283.665643 2000000000000000000000000000.000000 5000000.000000
907 6845627900.315744 -4269148296.419062 2000000000000000000000000000.000000 5000000.000000
908 -5896461534.113372 -1097145510.861096 2000000000000000000000000000.000000 5000000.000000
909 -7910223894.523677 1920761324.930410 2000000000000000000000000000.000000 5000000.000000
910 3794857382.357310 -4806821311.890912 2000000000000000000000000000.000000 5000000.000000
911 1722081207.482754 5436497363.132951 2000000000000000000000000000.000000 5000000.000000
912 860633908.633239 -544295386.261257 2000000000000000000000000000.000000 5000000.000000
913 3838851678.664157 5726202268.311166 2000000000000000000000000000.000000 5000000.000000
914 426902171.151390 -4473283528.144525 2000000000000000000000000000.000000 5000000.000000
915 5316513363.012274 -2164916893.334311 2000000000000000000000000000.000000 5000000.000000
916 6159650833.094564 -2970306911.979886 2000000000000000000000000000.000000 5000000.000000
917 -867096865.675245 -5379639442.331922 2000000000000000000000000000.000000 5000000.000000
918 -3231665124.158279 -2861503479.310085 2000000000000000000000000000.000000 5000000.000000
919 -6044980543.237170 -1759489562.370010 2000000000000000000000000000.000000 5000000.000000
920 4405881262.374783 -613387213.369910 2000000000000000000000000000.000000 5000000.000000
921 -1357911376.104178 544918240.265578 2000000000000000000000000000.000000 5000000.000000
922 -5599066993.277976 3212563617.318894 2000000000000000000000000000.000000 5000000.000000
923 -1225112596.369774 2527445499.568808 2000000000000000000000000000.000000 5000000.000000
924 -2932850758.781512 -897570492.514941 2000000000000000000000000000.000000 5000000.000000
925 -1671514138.642477 4509676212.326618 2000000000000000000000000000.000000 5000000.000000
926 1504221491.438228 2380289760.733623 2000000000000000000000000000.000000 5000000.000000
927 -2217393762.826188 8346202199.295042 2000000000000000000000000000.000000 5000000.000000
928 -5577133370.291414 6243648483.721999 2000000000000000000000000000.000000 5000000.000000
929 1106230381.016242 -9650586040.618782 2000000000000000000000000000.000000 5000000.000000
930 2532603682.924514 1043334688.920962 2000000000000000000000000000.000000 5000000.000000
931 -1549225072.618347 1638621078.199704 2000000000000000000000000000.000000 5000000.000000
932 7664797045.949927 -3434473616.594857 2000000000000000000000000000.000000 5000000.000000
933 1860093849.832696 -3596327454.474108 2000000000000000000000000000.000000 5000000.000000
934 -8692247590.775167 3151767869.953374 2000000000000000000000000000.000000 5000000.000000
935 -2249893711.845904 -7585635257.721749 2000000000000000000000000000.000000 5000000.000000
936 24528748.580072 9416414102.602116 2000000000000000000000000000.000000 5000000.000000
937 6479270896.453580 -3477440612.376655 2000000000000000000000000000.000000 5000000.000000
938 8784272584.862713 3141378856.966825 2000000000000000000000000000.000000 5000000.000000
939 316994563.142106 1820346041.347099 2000000000000000000000000000.000000 5000000.000000
940 8142735068.755672 4494049302.729852 2000000000000000000000000000.000000 5000000.000000
941 1118760291.835244 -4957763399.471560 2000000000000000000000000000.000000 5000000.000000
942 3474225099.175147 1209980540.189617 2000000000000000000000000000.000000 5000000.000000
943 -747130439.692553 -2514755573.169097 2000000000000000000000000000.000000 5000000.000000
944 2949639780.044799 449113288.572261 2000000000000000000000000000.000000 5000000.000000
945 -1931125986.796736 -3480570551.347987 2000000000000000000000000000.000000 5000000.000000
946 505031741.470048 -5822578141.016710 2000000000000000000000000000.000000 5000000.000000
947 -1240228499.460596 827830931.402467 2000000000000000000000000000.000000 5000000.000000
948 4188067398.954137 -6761719578.860573 2000000000000000000000000000.000000 5000000.000000
949 1423287742.291893 -1558952737.362529 2000000000000000000000000000.000000 5000000.000000
950 -309834541.218415 -1743085311.209747 2000000000000000000000000000.000000 5000000.000000
951 6414105242.801446 4693595511.909117 2000000000000000000000000000.000000 5000000.000000
952 -4602471398.719890 403038457.853701 2000000000000000000000000000.000000 5000000.000000
953 4982883652.978141 3941112623.393151 2000000000000000000000000000.000000 5000000.000000
954 -5315478123.903820 -5679541505.925255 2000000000000000000000000000.000000 5000000.000000
955 -539188787.225204 5170754290.677438 2000000000000000000000000000.000000 5000000.000000
956 5485555214.365039 4453772129.504191 2000000000000000000000000000.000000 5000000.000000
957 -9035377602.548070 3027876587.601293 2000000000000000000000000000.000000 5000000.000000
958 -7830711686.188098 4464607171.059575 2000000000000000000000000000.000000 5000000.000000
959 8915305085.716675 2143023239.459593 2000000000000000000000000000.000000 5000000.000000
960 4394379236.306381 -8423828214.604766 2000000000000000000000000000.000000 5000000.000000
961 3850202336.657855 2474604462.292211 2000000000000000000000000000.000000 5000000.000000
962 2997585571.429235 -1352119616.776187 2000000000000000000000000000.000000 5000000.000000
963 6698193119.038879 6229354473.473728 2000000000000000000000000000.000000 5000000.000000
964 -570776257.544645 1153878092.532398 2000000000000000000000000000.000000 5000000.000000
965 5939567821.387383 -1736299496.579819 2000000000000000000000000000.000000 5000000.000000
966 -2030181917.583475 4615376722.523889 2000000000000000000000000000.000000 5000000.000000
967 -2150097040.902894 294862064.834704 2000000000000000000000000000.000000 5000000.000000
968 4817222050.994464 23166645.100290 2000000000000000000000000000.000000 5000000.000000
969 -272987687.890207 -1993510439.564715 2000000000000000000000000000.000000 5000000.000000
970 4536456360.036222 -3613496469.168672 2000000000000000000000000000.000000 5000000.000000
971 1290304014.784780 -2098062316.025796 2000000000000000000000000000.000000 5000000.000000
972 -459151274.174822 -2729131940.720964 2000000000000000000000000000.000000 5000000.000000
973 -675336198.417445 -5370976389.984458 2000000000000000000000000000.000000 5000000.000000
974 2359877995.631111 807016547.472930 2000000000000000000000000000.000000 5000000.000000
975 -4226939731.001110 392067560.641826 2000000000000000000000000000.000000 5000000.000000
976 2574158088.312208 -3778343804.087222 2000000000000000000000000000.000000 5000000.000000
977 2290091334.172187 2188159937.284791 2000000000000000000000000000.000000 5000000.000000
978 -1994909082.427115 -25443600.114045 2000000000000000000000000000.000000 5000000.000000
979 1998660188.370861 2571852102.457764 2000000000000000000000000000.000000 5000000.000000
980 -1131465643.774740 2360427813.818986 2000000000000000000000000000.000000 5000000.000000
981 -1984262415.401827 -326673781.068450 2000000000000000000000000000.000000 5000000.000000
982 -8409512944.476839 -565673053.519006 2000000000000000000000000000.000000 5000000.000000
983 5400733154.990613 -5761403860.385411 2000000000000000000000000000.000000 5000000.000000
984 2773972390.691424 2342765424.828521 2000000000000000000000000000.000000 5000000.000000
985 -5197655645.897421 -798188594.075845 2000000000000000000000000000.000000 5000000.000000
986 -5355863370.246562 -7488886425.429223 2000000000000000000000000000.000000 5000000.000000
987 2702192040.065893 -1662594515.923294 2000000000000000000000000000.000000 5000000.000000
988 1165329215.645735 5808944580.199894 2000000000000000000000000000.000000 5000000.000000
989 -4029039274.545598 1216304940.003663 2000000000000000000000000000.000000 5000000.000000
990 -8406582712.720813 -4687225258.235415 2000000000000000000000000000.000000 5000000.000000
991 -1486264801.380539 1940974386.880758 2000000000000000000000000000.000000 5000000.000000
992 7735506402.886614 -2146764504.770298 2000000000000000000000000000.000000 5000000.000000
993 7231332636.801984 5861164099.462250 2000000000000000000000000000.000000 5000000.000000
994 2452875287.985120 -882684718.781893 2000000000000000000000000000.000000 5000000.000000
995 -547822404.328307 9208679917.031403 2000000000000000000000000000.000000 5000000.000000
996 -2081703391.293061 532296609.160686 2000000000000000000000000000.000000 5000000.000000
997 -6233997284.172713 -1859691486.949840 2000000000000000000000000000.000000 5000000.000000
998 -1413680097.373338 -7206487937.750524 2000000000000000000000000000.000000 5000000.000000
999 7245047426.887048 -561519089.639093 2000000000000000000000000000.000000 5000000.000000
1000 3336596065.269711 1402628998.162701 2000000000000000000000000000.000000 5000000.000000
