1
Time=2.007796777151622
0.6746919895874988 0.33540833641012197 0.07265407186493066 -0.08352646548371093 0.005 0.11070358889736169
1
Time=6.0233903314548645
0.9664412122621988 1.1102230246251565E-16 0.07265407186493066 0.08352646548371093 0.005 0.11070358889736169
1
Time=26.48528856890244
0.0 0.3455993001460945 0.05 0.0 0.005 0.05
1
Time=31.48528856890244
0.25 0.3455993001460945 -0.05 -6.123233995736766E-18 0.005 0.05
1
Time=36.48528856890244
0.0 0.34559930014609447 0.05 0.0 0.005 0.05
1
Time=41.48528856890244
0.25 0.34559930014609447 -0.05 -6.123233995736766E-18 0.005 0.05
1
Time=46.48528856890244
0.0 0.3455993001460944 0.05 0.0 0.005 0.05
1
Time=51.48528856890244
0.25 0.3455993001460944 -0.05 -6.123233995736766E-18 0.005 0.05
1
Time=56.48528856890244
0.0 0.34559930014609436 0.05 0.0 0.005 0.05
1
Time=61.48528856890244
0.25 0.34559930014609436 -0.05 -6.123233995736766E-18 0.005 0.05
1
Time=66.48528856890243
3.3306690738754696E-16 0.3455993001460943 0.05 0.0 0.005 0.05
1
Time=71.48528856890243
0.25000000000000033 0.3455993001460943 -0.05 -6.123233995736766E-18 0.005 0.05
1
Time=76.48528856890243
3.3306690738754696E-16 0.34559930014609425 0.05 0.0 0.005 0.05
1
Time=81.48528856890243
0.25000000000000033 0.34559930014609425 -0.05 -6.123233995736766E-18 0.005 0.05
1
Time=86.48528856890243
3.3306690738754696E-16 0.3455993001460942 0.05 0.0 0.005 0.05
1
Time=91.48528856890243
0.25000000000000033 0.3455993001460942 -0.05 -6.123233995736766E-18 0.005 0.05
1
Time=96.48528856890243
3.3306690738754696E-16 0.34559930014609413 0.05 0.0 0.005 0.05
1
Time=101.48528856890243
0.25000000000000033 0.34559930014609413 -0.05 -6.123233995736766E-18 0.005 0.05
1
Time=106.48528856890243
3.3306690738754696E-16 0.3455993001460941 0.05 0.0 0.005 0.05
1
Time=111.48528856890243
0.25000000000000033 0.3455993001460941 -0.05 -6.123233995736766E-18 0.005 0.05
1
Time=116.48528856890243
3.3306690738754696E-16 0.345599300146094 0.05 0.0 0.005 0.05
1
Time=121.48528856890243
0.25000000000000033 0.345599300146094 -0.05 -6.123233995736766E-18 0.005 0.05
1
Time=126.48528856890243
3.3306690738754696E-16 0.34559930014609397 0.05 0.0 0.005 0.05
1
Time=131.48528856890243
0.25000000000000033 0.34559930014609397 -0.05 -6.123233995736766E-18 0.005 0.05
1
Time=136.48528856890243
3.3306690738754696E-16 0.3455993001460939 0.05 0.0 0.005 0.05
1
Time=141.48528856890243
0.25000000000000033 0.3455993001460939 -0.05 -6.123233995736766E-18 0.005 0.05
1
Time=146.48528856890243
3.3306690738754696E-16 0.34559930014609386 0.05 0.0 0.005 0.05
1
Time=151.48528856890243
0.25000000000000033 0.34559930014609386 -0.05 -6.123233995736766E-18 0.005 0.05
1
Time=156.48528856890243
3.3306690738754696E-16 0.3455993001460938 0.05 0.0 0.005 0.05
1
Time=161.48528856890243
0.25000000000000033 0.3455993001460938 -0.05 -6.123233995736766E-18 0.005 0.05
1
Time=166.48528856890243
3.3306690738754696E-16 0.34559930014609375 0.05 0.0 0.005 0.05
1
Time=171.48528856890243
0.25000000000000033 0.34559930014609375 -0.05 -6.123233995736766E-18 0.005 0.05
1
Time=176.48528856890243
3.3306690738754696E-16 0.3455993001460937 0.05 0.0 0.005 0.05
1
Time=181.48528856890243
0.25000000000000033 0.3455993001460937 -0.05 -6.123233995736766E-18 0.005 0.05
1
Time=186.48528856890243
3.3306690738754696E-16 0.34559930014609364 0.05 0.0 0.005 0.05
1
Time=191.48528856890243
0.25000000000000033 0.34559930014609364 -0.05 -6.123233995736766E-18 0.005 0.05
1
Time=196.48528856890243
3.3306690738754696E-16 0.3455993001460936 0.05 0.0 0.005 0.05
1
Time=201.48528856890243
0.25000000000000033 0.3455993001460936 -0.05 -6.123233995736766E-18 0.005 0.05
1
Time=206.48528856890243
3.3306690738754696E-16 0.3455993001460935 0.05 0.0 0.005 0.05
1
Time=211.48528856890243
0.25000000000000033 0.3455993001460935 -0.05 -6.123233995736766E-18 0.005 0.05
1
Time=216.48528856890243
3.3306690738754696E-16 0.34559930014609347 0.05 0.0 0.005 0.05
1
Time=221.48528856890243
0.25000000000000033 0.34559930014609347 -0.05 -6.123233995736766E-18 0.005 0.05
1
Time=226.48528856890243
3.3306690738754696E-16 0.3455993001460934 0.05 0.0 0.005 0.05
1
Time=231.48528856890243
0.25000000000000033 0.3455993001460934 -0.05 -6.123233995736766E-18 0.005 0.05
1
Time=236.48528856890243
3.3306690738754696E-16 0.34559930014609336 0.05 0.0 0.005 0.05
1
Time=241.48528856890243
0.25000000000000033 0.34559930014609336 -0.05 -6.123233995736766E-18 0.005 0.05
1
Time=246.48528856890243
3.3306690738754696E-16 0.3455993001460933 0.05 0.0 0.005 0.05
1
Time=251.48528856890243
0.25000000000000033 0.3455993001460933 -0.05 -6.123233995736766E-18 0.005 0.05
1
Time=256.48528856890243
3.3306690738754696E-16 0.34559930014609325 0.05 0.0 0.005 0.05
1
Time=261.48528856890243
0.25000000000000033 0.34559930014609325 -0.05 -6.123233995736766E-18 0.005 0.05
1
Time=266.48528856890243
3.3306690738754696E-16 0.3455993001460932 0.05 0.0 0.005 0.05
1
Time=271.48528856890243
0.25000000000000033 0.3455993001460932 -0.05 -6.123233995736766E-18 0.005 0.05
1
Time=276.48528856890243
3.3306690738754696E-16 0.34559930014609314 0.05 0.0 0.005 0.05
1
Time=281.48528856890243
0.25000000000000033 0.34559930014609314 -0.05 -6.123233995736766E-18 0.005 0.05
1
Time=286.48528856890243
3.3306690738754696E-16 0.3455993001460931 0.05 0.0 0.005 0.05
1
Time=291.48528856890243
0.25000000000000033 0.3455993001460931 -0.05 -6.123233995736766E-18 0.005 0.05
1
Time=296.48528856890243
3.3306690738754696E-16 0.345599300146093 0.05 0.0 0.005 0.05
1
Time=301.48528856890243
0.25000000000000033 0.345599300146093 -0.05 -6.123233995736766E-18 0.005 0.05
1
Time=306.48528856890243
3.3306690738754696E-16 0.34559930014609297 0.05 0.0 0.005 0.05
1
Time=311.48528856890243
0.25000000000000033 0.34559930014609297 -0.05 -6.123233995736766E-18 0.005 0.05
1
Time=316.48528856890243
3.3306690738754696E-16 0.3455993001460929 0.05 0.0 0.005 0.05
1
Time=321.48528856890243
0.25000000000000033 0.3455993001460929 -0.05 -6.123233995736766E-18 0.005 0.05
1
Time=326.48528856890243
3.3306690738754696E-16 0.34559930014609286 0.05 0.0 0.005 0.05
1
Time=331.48528856890243
0.25000000000000033 0.34559930014609286 -0.05 -6.123233995736766E-18 0.005 0.05
1
Time=336.48528856890243
3.3306690738754696E-16 0.3455993001460928 0.05 0.0 0.005 0.05
1
Time=341.48528856890243
0.25000000000000033 0.3455993001460928 -0.05 -6.123233995736766E-18 0.005 0.05
1
Time=346.48528856890243
3.3306690738754696E-16 0.34559930014609275 0.05 0.0 0.005 0.05
1
Time=351.48528856890243
0.25000000000000033 0.34559930014609275 -0.05 -6.123233995736766E-18 0.005 0.05
1
Time=356.48528856890243
3.3306690738754696E-16 0.3455993001460927 0.05 0.0 0.005 0.05
1
Time=361.48528856890243
0.25000000000000033 0.3455993001460927 -0.05 -6.123233995736766E-18 0.005 0.05
1
Time=366.48528856890243
3.3306690738754696E-16 0.34559930014609264 0.05 0.0 0.005 0.05
1
Time=371.48528856890243
0.25000000000000033 0.34559930014609264 -0.05 -6.123233995736766E-18 0.005 0.05
1
Time=376.48528856890243
3.3306690738754696E-16 0.3455993001460926 0.05 0.0 0.005 0.05
1
Time=381.48528856890243
0.25000000000000033 0.3455993001460926 -0.05 -6.123233995736766E-18 0.005 0.05
1
Time=386.48528856890243
3.3306690738754696E-16 0.3455993001460925 0.05 0.0 0.005 0.05
1
Time=391.48528856890243
0.25000000000000033 0.3455993001460925 -0.05 -6.123233995736766E-18 0.005 0.05
1
Time=396.48528856890243
3.3306690738754696E-16 0.34559930014609247 0.05 0.0 0.005 0.05
1
Time=401.48528856890243
0.25000000000000033 0.34559930014609247 -0.05 -6.123233995736766E-18 0.005 0.05
1
Time=406.48528856890243
3.3306690738754696E-16 0.3455993001460924 0.05 0.0 0.005 0.05
1
Time=411.48528856890243
0.25000000000000033 0.3455993001460924 -0.05 -6.123233995736766E-18 0.005 0.05
1
Time=416.48528856890243
3.3306690738754696E-16 0.34559930014609236 0.05 0.0 0.005 0.05
1
Time=421.48528856890243
0.25000000000000033 0.34559930014609236 -0.05 -6.123233995736766E-18 0.005 0.05
1
Time=426.48528856890243
3.3306690738754696E-16 0.3455993001460923 0.05 0.0 0.005 0.05
1
Time=431.48528856890243
0.25000000000000033 0.3455993001460923 -0.05 -6.123233995736766E-18 0.005 0.05
1
Time=436.48528856890243
3.3306690738754696E-16 0.34559930014609225 0.05 0.0 0.005 0.05
1
Time=441.48528856890243
0.25000000000000033 0.34559930014609225 -0.05 -6.123233995736766E-18 0.005 0.05
1
Time=446.48528856890243
3.3306690738754696E-16 0.3455993001460922 0.05 0.0 0.005 0.05
1
Time=451.48528856890243
0.25000000000000033 0.3455993001460922 -0.05 -6.123233995736766E-18 0.005 0.05
1
Time=456.48528856890243
3.3306690738754696E-16 0.34559930014609214 0.05 0.0 0.005 0.05
1
Time=461.48528856890243
0.25000000000000033 0.34559930014609214 -0.05 -6.123233995736766E-18 0.005 0.05
1
Time=466.48528856890243
3.3306690738754696E-16 0.3455993001460921 0.05 0.0 0.005 0.05
1
Time=471.48528856890243
0.25000000000000033 0.3455993001460921 -0.05 -6.123233995736766E-18 0.005 0.05
1
Time=476.48528856890243
3.3306690738754696E-16 0.345599300146092 0.05 0.0 0.005 0.05
1
Time=481.48528856890243
0.25000000000000033 0.345599300146092 -0.05 -6.123233995736766E-18 0.005 0.05
1
Time=486.48528856890243
3.3306690738754696E-16 0.34559930014609197 0.05 0.0 0.005 0.05
1
Time=491.48528856890243
0.25000000000000033 0.34559930014609197 -0.05 -6.123233995736766E-18 0.005 0.05
1
Time=496.48528856890243
3.3306690738754696E-16 0.3455993001460919 0.05 0.0 0.005 0.05
1
Time=501.48528856890243
0.25000000000000033 0.3455993001460919 -0.05 -6.123233995736766E-18 0.005 0.05
1
Time=506.48528856890243
3.3306690738754696E-16 0.34559930014609186 0.05 0.0 0.005 0.05
1
Time=511.48528856890243
0.25000000000000033 0.34559930014609186 -0.05 -6.123233995736766E-18 0.005 0.05
1
Time=516.4852885689024
3.3306690738754696E-16 0.3455993001460918 0.05 0.0 0.005 0.05
1
Time=521.4852885689024
0.25000000000000033 0.3455993001460918 -0.05 -6.123233995736766E-18 0.005 0.05
1
Time=526.4852885689024
3.3306690738754696E-16 0.34559930014609175 0.05 0.0 0.005 0.05
1
Time=531.4852885689024
0.25000000000000033 0.34559930014609175 -0.05 -6.123233995736766E-18 0.005 0.05
1
Time=536.4852885689024
3.3306690738754696E-16 0.3455993001460917 0.05 0.0 0.005 0.05
1
Time=541.4852885689024
0.25000000000000033 0.3455993001460917 -0.05 -6.123233995736766E-18 0.005 0.05
1
Time=546.4852885689024
3.3306690738754696E-16 0.34559930014609164 0.05 0.0 0.005 0.05
1
Time=551.4852885689024
0.25000000000000033 0.34559930014609164 -0.05 -6.123233995736766E-18 0.005 0.05
1
Time=556.4852885689024
3.3306690738754696E-16 0.3455993001460916 0.05 0.0 0.005 0.05
1
Time=561.4852885689024
0.25000000000000033 0.3455993001460916 -0.05 -6.123233995736766E-18 0.005 0.05
1
Time=566.4852885689024
3.3306690738754696E-16 0.3455993001460915 0.05 0.0 0.005 0.05
1
Time=571.4852885689024
0.25000000000000033 0.3455993001460915 -0.05 -6.123233995736766E-18 0.005 0.05
1
Time=576.4852885689024
3.3306690738754696E-16 0.34559930014609147 0.05 0.0 0.005 0.05
1
Time=581.4852885689024
0.25000000000000033 0.34559930014609147 -0.05 -6.123233995736766E-18 0.005 0.05
1
Time=586.4852885689024
3.3306690738754696E-16 0.3455993001460914 0.05 0.0 0.005 0.05
1
Time=591.4852885689024
0.25000000000000033 0.3455993001460914 -0.05 -6.123233995736766E-18 0.005 0.05
1
Time=596.4852885689024
3.3306690738754696E-16 0.34559930014609136 0.05 0.0 0.005 0.05
1
Time=601.4852885689024
0.25000000000000033 0.34559930014609136 -0.05 -6.123233995736766E-18 0.005 0.05
1
Time=606.4852885689024
3.3306690738754696E-16 0.3455993001460913 0.05 0.0 0.005 0.05
1
Time=611.4852885689024
0.25000000000000033 0.3455993001460913 -0.05 -6.123233995736766E-18 0.005 0.05
1
Time=616.4852885689024
3.3306690738754696E-16 0.34559930014609125 0.05 0.0 0.005 0.05
1
Time=621.4852885689024
0.25000000000000033 0.34559930014609125 -0.05 -6.123233995736766E-18 0.005 0.05
1
Time=626.4852885689024
3.3306690738754696E-16 0.3455993001460912 0.05 0.0 0.005 0.05
1
Time=631.4852885689024
0.25000000000000033 0.3455993001460912 -0.05 -6.123233995736766E-18 0.005 0.05
1
Time=636.4852885689024
3.3306690738754696E-16 0.34559930014609114 0.05 0.0 0.005 0.05
1
Time=641.4852885689024
0.25000000000000033 0.34559930014609114 -0.05 -6.123233995736766E-18 0.005 0.05
1
Time=646.4852885689024
3.3306690738754696E-16 0.3455993001460911 0.05 0.0 0.005 0.05
1
Time=651.4852885689024
0.25000000000000033 0.3455993001460911 -0.05 -6.123233995736766E-18 0.005 0.05
1
Time=656.4852885689024
3.3306690738754696E-16 0.345599300146091 0.05 0.0 0.005 0.05
1
Time=661.4852885689024
0.25000000000000033 0.345599300146091 -0.05 -6.123233995736766E-18 0.005 0.05
1
Time=666.4852885689024
3.3306690738754696E-16 0.34559930014609097 0.05 0.0 0.005 0.05
1
Time=671.4852885689024
0.25000000000000033 0.34559930014609097 -0.05 -6.123233995736766E-18 0.005 0.05
1
Time=676.4852885689024
3.3306690738754696E-16 0.3455993001460909 0.05 0.0 0.005 0.05
1
Time=681.4852885689024
0.25000000000000033 0.3455993001460909 -0.05 -6.123233995736766E-18 0.005 0.05
1
Time=686.4852885689024
3.3306690738754696E-16 0.34559930014609086 0.05 0.0 0.005 0.05
1
Time=691.4852885689024
0.25000000000000033 0.34559930014609086 -0.05 -6.123233995736766E-18 0.005 0.05
1
Time=696.4852885689024
3.3306690738754696E-16 0.3455993001460908 0.05 0.0 0.005 0.05
1
Time=701.4852885689024
0.25000000000000033 0.3455993001460908 -0.05 -6.123233995736766E-18 0.005 0.05
1
Time=706.4852885689024
3.3306690738754696E-16 0.34559930014609075 0.05 0.0 0.005 0.05
1
Time=711.4852885689024
0.25000000000000033 0.34559930014609075 -0.05 -6.123233995736766E-18 0.005 0.05
1
Time=716.4852885689024
3.3306690738754696E-16 0.3455993001460907 0.05 0.0 0.005 0.05
1
Time=721.4852885689024
0.25000000000000033 0.3455993001460907 -0.05 -6.123233995736766E-18 0.005 0.05
1
Time=726.4852885689024
3.3306690738754696E-16 0.34559930014609064 0.05 0.0 0.005 0.05
1
Time=731.4852885689024
0.25000000000000033 0.34559930014609064 -0.05 -6.123233995736766E-18 0.005 0.05
1
Time=736.4852885689024
3.3306690738754696E-16 0.3455993001460906 0.05 0.0 0.005 0.05
1
Time=741.4852885689024
0.25000000000000033 0.3455993001460906 -0.05 -6.123233995736766E-18 0.005 0.05
1
Time=746.4852885689024
3.3306690738754696E-16 0.3455993001460905 0.05 0.0 0.005 0.05
1
Time=751.4852885689024
0.25000000000000033 0.3455993001460905 -0.05 -6.123233995736766E-18 0.005 0.05
1
Time=756.4852885689024
3.3306690738754696E-16 0.34559930014609047 0.05 0.0 0.005 0.05
1
Time=761.4852885689024
0.25000000000000033 0.34559930014609047 -0.05 -6.123233995736766E-18 0.005 0.05
1
Time=766.4852885689024
3.3306690738754696E-16 0.3455993001460904 0.05 0.0 0.005 0.05
1
Time=771.4852885689024
0.25000000000000033 0.3455993001460904 -0.05 -6.123233995736766E-18 0.005 0.05
1
Time=776.4852885689024
3.3306690738754696E-16 0.34559930014609036 0.05 0.0 0.005 0.05
1
Time=781.4852885689024
0.25000000000000033 0.34559930014609036 -0.05 -6.123233995736766E-18 0.005 0.05
1
Time=786.4852885689024
3.3306690738754696E-16 0.3455993001460903 0.05 0.0 0.005 0.05
1
Time=791.4852885689024
0.25000000000000033 0.3455993001460903 -0.05 -6.123233995736766E-18 0.005 0.05
1
Time=796.4852885689024
3.3306690738754696E-16 0.34559930014609025 0.05 0.0 0.005 0.05
1
Time=801.4852885689024
0.25000000000000033 0.34559930014609025 -0.05 -6.123233995736766E-18 0.005 0.05
1
Time=806.4852885689024
3.3306690738754696E-16 0.3455993001460902 0.05 0.0 0.005 0.05
1
Time=811.4852885689024
0.25000000000000033 0.3455993001460902 -0.05 -6.123233995736766E-18 0.005 0.05
1
Time=816.4852885689024
3.3306690738754696E-16 0.34559930014609014 0.05 0.0 0.005 0.05
1
Time=821.4852885689024
0.25000000000000033 0.34559930014609014 -0.05 -6.123233995736766E-18 0.005 0.05
1
Time=826.4852885689024
3.3306690738754696E-16 0.3455993001460901 0.05 0.0 0.005 0.05
1
Time=831.4852885689024
0.25000000000000033 0.3455993001460901 -0.05 -6.123233995736766E-18 0.005 0.05
1
Time=836.4852885689024
3.3306690738754696E-16 0.34559930014609 0.05 0.0 0.005 0.05
1
Time=841.4852885689024
0.25000000000000033 0.34559930014609 -0.05 -6.123233995736766E-18 0.005 0.05
1
Time=846.4852885689024
3.3306690738754696E-16 0.34559930014608997 0.05 0.0 0.005 0.05
1
Time=851.4852885689024
0.25000000000000033 0.34559930014608997 -0.05 -6.123233995736766E-18 0.005 0.05
1
Time=856.4852885689024
3.3306690738754696E-16 0.3455993001460899 0.05 0.0 0.005 0.05
1
Time=861.4852885689024
0.25000000000000033 0.3455993001460899 -0.05 -6.123233995736766E-18 0.005 0.05
1
Time=866.4852885689024
3.3306690738754696E-16 0.34559930014608986 0.05 0.0 0.005 0.05
1
Time=871.4852885689024
0.25000000000000033 0.34559930014608986 -0.05 -6.123233995736766E-18 0.005 0.05
1
Time=876.4852885689024
3.3306690738754696E-16 0.3455993001460898 0.05 0.0 0.005 0.05
1
Time=881.4852885689024
0.25000000000000033 0.3455993001460898 -0.05 -6.123233995736766E-18 0.005 0.05
1
Time=886.4852885689024
3.3306690738754696E-16 0.34559930014608975 0.05 0.0 0.005 0.05
1
Time=891.4852885689024
0.25000000000000033 0.34559930014608975 -0.05 -6.123233995736766E-18 0.005 0.05
1
Time=896.4852885689024
3.3306690738754696E-16 0.3455993001460897 0.05 0.0 0.005 0.05
1
Time=901.4852885689024
0.25000000000000033 0.3455993001460897 -0.05 -6.123233995736766E-18 0.005 0.05
1
Time=906.4852885689024
3.3306690738754696E-16 0.34559930014608964 0.05 0.0 0.005 0.05
1
Time=911.4852885689024
0.25000000000000033 0.34559930014608964 -0.05 -6.123233995736766E-18 0.005 0.05
1
Time=916.4852885689024
3.3306690738754696E-16 0.3455993001460896 0.05 0.0 0.005 0.05
1
Time=921.4852885689024
0.25000000000000033 0.3455993001460896 -0.05 -6.123233995736766E-18 0.005 0.05
1
Time=926.4852885689024
3.3306690738754696E-16 0.3455993001460895 0.05 0.0 0.005 0.05
1
Time=931.4852885689024
0.25000000000000033 0.3455993001460895 -0.05 -6.123233995736766E-18 0.005 0.05
1
Time=936.4852885689024
3.3306690738754696E-16 0.34559930014608947 0.05 0.0 0.005 0.05
1
Time=941.4852885689024
0.25000000000000033 0.34559930014608947 -0.05 -6.123233995736766E-18 0.005 0.05
1
Time=946.4852885689024
3.3306690738754696E-16 0.3455993001460894 0.05 0.0 0.005 0.05
1
Time=951.4852885689024
0.25000000000000033 0.3455993001460894 -0.05 -6.123233995736766E-18 0.005 0.05
1
Time=956.4852885689024
3.3306690738754696E-16 0.34559930014608936 0.05 0.0 0.005 0.05
1
Time=961.4852885689024
0.25000000000000033 0.34559930014608936 -0.05 -6.123233995736766E-18 0.005 0.05
1
Time=966.4852885689024
3.3306690738754696E-16 0.3455993001460893 0.05 0.0 0.005 0.05
1
Time=971.4852885689024
0.25000000000000033 0.3455993001460893 -0.05 -6.123233995736766E-18 0.005 0.05
1
Time=976.4852885689024
3.3306690738754696E-16 0.34559930014608925 0.05 0.0 0.005 0.05
1
Time=981.4852885689024
0.25000000000000033 0.34559930014608925 -0.05 -6.123233995736766E-18 0.005 0.05
1
Time=986.4852885689024
3.3306690738754696E-16 0.3455993001460892 0.05 0.0 0.005 0.05
1
Time=991.4852885689024
0.25000000000000033 0.3455993001460892 -0.05 -6.123233995736766E-18 0.005 0.05
1
Time=996.4852885689024
3.3306690738754696E-16 0.34559930014608914 0.05 0.0 0.005 0.05
1
Time=1001.4852885689024
0.25000000000000033 0.34559930014608914 -0.05 -6.123233995736766E-18 0.005 0.05
