0  0.4208491540834484
0.25  0.4525626839313978
0.5  0.3677195714957394
0.75  0.3453830608984855
1  0.3772052460579072
1.25  0.3861914202728413
1.5  0.4135596671001465
1.75  0.2862346389420887
2  0.211171987417158
2.25  0.1850882954188054
2.5  0.1922878804850013
2.75  0.1254735998616404
3  0.1119123957292667
3.25  0.1303727029460277
3.5  0.09642044301575434
3.75  0.06832369280301204
4  0.05851627189916238
4.25  0.0564600885389269
4.5  0.03624396932353437
4.75  0.04475542863309976
5  0.03550182217198564
